ts_code,code,name,trade_date,open,high,low,close,pre_close,change,pct_chg,vol,1K_amount,10K_amount,1M_amount,100M_amount
002127.SZ,002127,南极电商,20070418,25.0,25.0,20.71,20.82,9.4,11.42,121.49,135944.62,299393.0157,29939.30157,299.3930157,2.993930157
002127.SZ,002127,南极电商,20070419,20.4,20.4,19.15,19.26,20.82,-1.56,-7.49,54120.09,106289.269,10628.9269,106.289269,1.06289269
002127.SZ,002127,南极电商,20070420,19.58,20.5,19.5,20.22,19.26,0.96,4.98,28276.35,56797.9395,5679.79395,56.797939500000005,0.567979395
002127.SZ,002127,南极电商,20070423,20.06,20.47,19.81,20.43,20.22,0.21,1.04,27315.72,55100.2107,5510.021070000001,55.100210700000005,0.5510021070000001
002127.SZ,002127,南极电商,20070424,20.5,20.6,20.15,20.22,20.43,-0.21,-1.03,25409.56,51782.8749,5178.287490000001,51.7828749,0.517828749
002127.SZ,002127,南极电商,20070425,20.16,20.58,20.01,20.53,20.22,0.31,1.53,22203.59,45305.356,4530.5356,45.305356,0.45305356
002127.SZ,002127,南极电商,20070426,20.59,20.86,20.5,20.62,20.53,0.09,0.44,15080.33,31177.8678,3117.78678,31.1778678,0.311778678
002127.SZ,002127,南极电商,20070427,20.62,20.62,20.0,20.1,20.62,-0.52,-2.52,14692.34,29634.0353,2963.40353,29.6340353,0.296340353
002127.SZ,002127,南极电商,20070430,19.99,19.99,19.76,19.84,20.1,-0.26,-1.29,12327.93,24447.9565,2444.79565,24.4479565,0.244479565
002127.SZ,002127,南极电商,20070508,20.0,20.28,19.91,20.18,19.84,0.34,1.71,12789.95,25648.6849,2564.86849,25.6486849,0.256486849
002127.SZ,002127,南极电商,20070509,20.18,20.18,19.4,19.86,20.18,-0.32,-1.59,13743.58,27159.2554,2715.92554,27.1592554,0.2715925539999999
002127.SZ,002127,南极电商,20070510,19.79,20.08,19.55,19.96,19.86,0.1,0.5,10479.95,20710.5651,2071.05651,20.7105651,0.207105651
002127.SZ,002127,南极电商,20070511,19.93,19.93,19.6,19.68,19.96,-0.28,-1.4,7979.81,15715.3881,1571.53881,15.7153881,0.157153881
002127.SZ,002127,南极电商,20070514,19.58,19.73,19.45,19.64,19.68,-0.04,-0.2,8774.3,17212.3492,1721.23492,17.212349200000002,0.172123492
002127.SZ,002127,南极电商,20070515,19.62,20.02,19.6,19.71,19.64,0.07,0.36,12070.7,23902.08,2390.208,23.90208,0.2390208
002127.SZ,002127,南极电商,20070516,19.68,20.19,19.56,20.19,19.71,0.48,2.44,15417.46,30734.5503,3073.45503,30.7345503,0.307345503
002127.SZ,002127,南极电商,20070517,20.28,20.6,20.17,20.43,20.19,0.24,1.19,18400.12,37588.738,3758.8738,37.588738,0.37588738
002127.SZ,002127,南极电商,20070518,20.41,20.43,19.98,20.19,20.43,-0.24,-1.17,15554.3,31371.425,3137.1425,31.371425,0.31371425
002127.SZ,002127,南极电商,20070521,19.52,20.18,19.52,20.03,20.19,-0.16,-0.79,13370.5,26736.32,2673.632,26.73632,0.2673631999999999
002127.SZ,002127,南极电商,20070522,20.03,20.36,20.0,20.07,20.03,0.04,0.2,15270.6,30790.0979,3079.00979,30.7900979,0.307900979
002127.SZ,002127,南极电商,20070523,20.09,21.0,20.09,21.0,20.07,0.93,4.63,25864.68,53115.7725,5311.57725,53.115772500000006,0.531157725
002127.SZ,002127,南极电商,20070524,20.9,20.95,20.2,20.51,21.0,-0.49,-2.33,18884.98,38772.5817,3877.25817,38.7725817,0.387725817
002127.SZ,002127,南极电商,20070525,20.52,20.94,20.52,20.77,20.51,0.26,1.27,17004.91,35305.2728,3530.52728,35.3052728,0.353052728
002127.SZ,002127,南极电商,20070528,20.85,21.22,20.8,21.19,20.77,0.42,2.02,24108.47,50807.4572,5080.74572,50.8074572,0.5080745720000001
002127.SZ,002127,南极电商,20070529,21.23,22.26,21.23,21.91,21.19,0.72,3.4,32527.17,71207.6606,7120.76606,71.2076606,0.712076606
002127.SZ,002127,南极电商,20070530,21.12,21.39,19.8,20.02,21.91,-1.89,-8.63,28719.43,59229.9762,5922.99762,59.2299762,0.592299762
002127.SZ,002127,南极电商,20070531,20.03,21.0,19.51,20.73,20.02,0.71,3.55,24298.0,49378.1951,4937.819509999999,49.37819509999999,0.4937819509999999
002127.SZ,002127,南极电商,20070601,20.6,20.8,19.75,19.88,20.73,-0.85,-4.1,18621.93,37739.002,3773.9002,37.739002,0.37739002
002127.SZ,002127,南极电商,20070605,17.89,18.8,17.89,18.48,19.88,-1.4,-7.04,17382.67,31276.195,3127.6195,31.276195,0.3127619499999999
002127.SZ,002127,南极电商,20070606,18.66,18.98,18.0,18.63,18.48,0.15,0.81,14125.88,26207.3576,2620.73576,26.2073576,0.262073576
002127.SZ,002127,南极电商,20070607,18.7,19.68,18.61,19.39,18.63,0.76,4.08,11921.75,22848.3096,2284.83096,22.848309600000004,0.228483096
002127.SZ,002127,南极电商,20070608,19.4,19.5,19.1,19.19,19.39,-0.2,-1.03,9233.77,17781.7223,1778.17223,17.781722300000002,0.177817223
002127.SZ,002127,南极电商,20070611,19.36,19.65,19.11,19.37,19.19,0.18,0.94,8292.8,16089.105,1608.9105,16.089105,0.16089105
002127.SZ,002127,南极电商,20070612,19.6,19.6,18.69,19.26,19.37,-0.11,-0.57,12471.54,23811.8532,2381.18532,23.8118532,0.238118532
002127.SZ,002127,南极电商,20070613,19.35,20.2,19.35,20.13,19.26,0.87,4.52,15743.7,31102.9974,3110.29974,31.1029974,0.311029974
002127.SZ,002127,南极电商,20070614,20.19,20.23,19.6,19.92,20.13,-0.21,-1.04,11220.26,22354.3227,2235.43227,22.3543227,0.223543227
002127.SZ,002127,南极电商,20070615,19.91,20.6,19.7,20.5,19.92,0.58,2.91,14929.39,30248.8269,3024.88269,30.2488269,0.302488269
002127.SZ,002127,南极电商,20070618,20.45,21.4,20.45,20.99,20.5,0.49,2.39,20896.36,44134.6017,4413.46017,44.134601700000005,0.441346017
002127.SZ,002127,南极电商,20070619,20.9,21.5,20.76,20.98,20.99,-0.01,-0.05,15462.55,32694.4104,3269.44104,32.6944104,0.326944104
002127.SZ,002127,南极电商,20070620,20.9,20.97,20.0,20.09,20.98,-0.89,-4.24,13018.89,26654.4016,2665.44016,26.6544016,0.266544016
002127.SZ,002127,南极电商,20070621,20.0,20.72,19.51,20.72,20.09,0.63,3.14,11760.62,23428.0826,2342.80826,23.428082600000003,0.234280826
002127.SZ,002127,南极电商,20070622,20.6,21.14,19.5,19.95,20.72,-0.77,-3.72,13825.96,28195.928,2819.5928,28.195928,0.28195928
002127.SZ,002127,南极电商,20070625,19.92,20.01,18.66,18.89,19.95,-1.06,-5.31,7454.99,14301.881,1430.1880999999998,14.301880999999998,0.1430188099999999
002127.SZ,002127,南极电商,20070626,18.51,19.41,18.3,19.24,18.89,0.35,1.85,5562.87,10497.4747,1049.74747,10.4974747,0.104974747
002127.SZ,002127,南极电商,20070627,19.25,19.57,19.03,19.47,19.24,0.23,1.2,5224.31,10091.335,1009.1335,10.091335,0.1009133499999999
002127.SZ,002127,南极电商,20070628,19.48,19.48,18.51,18.59,19.47,-0.88,-4.52,7003.41,13258.9071,1325.89071,13.258907100000002,0.132589071
002127.SZ,002127,南极电商,20070629,18.33,18.68,18.01,18.14,18.59,-0.45,-2.42,5788.12,10568.4189,1056.84189,10.5684189,0.105684189
002127.SZ,002127,南极电商,20070702,18.01,18.6,17.91,18.47,18.14,0.33,1.82,4053.96,7389.6445,738.96445,7.3896445,0.073896445
002127.SZ,002127,南极电商,20070703,18.43,18.6,18.05,18.44,18.47,-0.03,-0.16,3849.39,7057.3617,705.73617,7.0573617,0.070573617
002127.SZ,002127,南极电商,20070704,18.55,18.6,18.1,18.18,18.44,-0.26,-1.41,2882.22,5288.453,528.8453000000001,5.2884530000000005,0.05288453
002127.SZ,002127,南极电商,20070705,18.06,18.25,16.36,16.36,18.18,-1.82,-10.01,7903.49,13582.3949,1358.23949,13.5823949,0.135823949
002127.SZ,002127,南极电商,20070706,16.37,17.15,16.02,17.07,16.36,0.71,4.34,6806.1,11258.6458,1125.86458,11.2586458,0.112586458
002127.SZ,002127,南极电商,20070710,17.35,17.46,16.66,16.7,17.07,-0.37,-2.17,6209.0,10558.6767,1055.86767,10.5586767,0.105586767
002127.SZ,002127,南极电商,20070711,16.68,16.79,16.2,16.75,16.7,0.05,0.3,3682.47,6115.024,611.5024000000001,6.115024000000001,0.06115024
002127.SZ,002127,南极电商,20070712,16.76,17.27,16.76,17.08,16.75,0.33,1.97,3813.43,6497.7728,649.77728,6.4977728,0.064977728
002127.SZ,002127,南极电商,20070713,17.08,17.09,16.46,16.68,17.08,-0.4,-2.34,1930.0,3215.233,321.5233,3.215233,0.03215233
002127.SZ,002127,南极电商,20070716,16.7,16.95,16.55,16.72,16.68,0.04,0.24,1718.95,2884.112,288.4112,2.884112,0.02884112
002127.SZ,002127,南极电商,20070717,16.67,17.0,16.5,17.0,16.72,0.28,1.67,4264.58,7176.8333,717.6833300000001,7.176833300000001,0.071768333
002127.SZ,002127,南极电商,20070718,16.5,16.99,16.03,16.37,17.0,-0.63,-3.71,22276.78,36615.3552,3661.53552,36.6153552,0.3661535519999999
002127.SZ,002127,南极电商,20070719,16.4,16.68,16.11,16.35,16.37,-0.02,-0.12,6800.2,11126.3265,1112.63265,11.1263265,0.111263265
002127.SZ,002127,南极电商,20070720,16.37,17.51,16.3,17.19,16.35,0.84,5.14,15948.63,26988.9686,2698.89686,26.9889686,0.269889686
002127.SZ,002127,南极电商,20070723,17.2,17.85,17.11,17.77,17.19,0.58,3.37,17482.82,30603.8049,3060.38049,30.6038049,0.306038049
002127.SZ,002127,南极电商,20070724,18.07,18.6,17.8,17.8,17.77,0.03,0.17,22239.58,40571.2051,4057.12051,40.5712051,0.405712051
002127.SZ,002127,南极电商,20070725,17.78,18.49,17.77,18.28,17.8,0.48,2.7,12024.38,21722.445,2172.2445,21.722445,0.2172244499999999
002127.SZ,002127,南极电商,20070726,18.35,18.45,17.95,18.16,18.28,-0.12,-0.66,9527.13,17323.8588,1732.3858800000005,17.323858800000004,0.173238588
002127.SZ,002127,南极电商,20070727,18.15,18.4,18.0,18.3,18.16,0.14,0.77,10132.98,18466.6396,1846.66396,18.4666396,0.1846663959999999
002127.SZ,002127,南极电商,20070730,18.41,18.7,18.3,18.48,18.3,0.18,0.98,15744.67,29130.0446,2913.00446,29.1300446,0.291300446
002127.SZ,002127,南极电商,20070731,18.42,20.33,18.3,20.33,18.48,1.85,10.01,20419.33,39737.9631,3973.79631,39.7379631,0.397379631
002127.SZ,002127,南极电商,20070801,21.01,21.79,19.5,20.12,20.33,-0.21,-1.03,57264.51,119208.9497,11920.89497,119.2089497,1.192089497
002127.SZ,002127,南极电商,20070802,20.01,20.75,19.94,20.44,20.12,0.32,1.59,20859.18,42524.0262,4252.40262,42.5240262,0.425240262
002127.SZ,002127,南极电商,20070803,20.55,20.9,20.1,20.39,20.44,-0.05,-0.24,16838.66,34424.9974,3442.49974,34.4249974,0.344249974
002127.SZ,002127,南极电商,20070806,20.4,20.55,19.88,20.09,20.39,-0.3,-1.47,18201.34,36532.0354,3653.20354,36.5320354,0.3653203539999999
002127.SZ,002127,南极电商,20070807,20.09,20.1,19.51,19.62,20.09,-0.47,-2.34,13955.43,27468.2106,2746.82106,27.4682106,0.274682106
002127.SZ,002127,南极电商,20070808,19.3,19.8,19.0,19.15,19.62,-0.47,-2.4,8838.21,17100.6627,1710.06627,17.1006627,0.171006627
002127.SZ,002127,南极电商,20070809,19.4,19.68,19.2,19.38,19.15,0.23,1.2,7152.87,13934.3761,1393.43761,13.9343761,0.139343761
002127.SZ,002127,南极电商,20070810,19.38,19.57,18.45,18.7,19.38,-0.68,-3.51,10839.8,20408.6569,2040.86569,20.4086569,0.204086569
002127.SZ,002127,南极电商,20070813,18.75,19.6,18.6,19.26,18.7,0.56,2.99,10264.13,19486.1297,1948.61297,19.486129700000003,0.194861297
002127.SZ,002127,南极电商,20070814,19.3,19.58,19.1,19.31,19.26,0.05,0.26,7176.06,13845.4773,1384.54773,13.8454773,0.138454773
002127.SZ,002127,南极电商,20070815,19.49,19.57,18.65,18.89,19.31,-0.42,-2.18,8579.75,16256.5218,1625.65218,16.2565218,0.162565218
002127.SZ,002127,南极电商,20070816,18.9,18.96,18.51,18.92,18.89,0.03,0.16,6446.61,12048.0053,1204.80053,12.0480053,0.120480053
002127.SZ,002127,南极电商,20070817,18.93,19.3,18.62,19.02,18.92,0.1,0.53,8984.32,17142.7096,1714.2709599999998,17.1427096,0.171427096
002127.SZ,002127,南极电商,20070820,19.3,19.62,19.21,19.51,19.02,0.49,2.58,8152.91,15864.5608,1586.45608,15.8645608,0.158645608
002127.SZ,002127,南极电商,20070821,19.51,19.61,19.2,19.29,19.51,-0.22,-1.13,8029.11,15523.7564,1552.37564,15.5237564,0.155237564
002127.SZ,002127,南极电商,20070822,19.02,19.39,19.02,19.3,19.29,0.01,0.05,7826.06,14999.2904,1499.92904,14.9992904,0.1499929039999999
002127.SZ,002127,南极电商,20070823,19.2,19.7,19.18,19.43,19.3,0.13,0.67,9303.36,18087.5902,1808.75902,18.0875902,0.180875902
002127.SZ,002127,南极电商,20070824,19.42,19.75,19.15,19.26,19.43,-0.17,-0.87,7467.0,14485.9338,1448.59338,14.4859338,0.144859338
002127.SZ,002127,南极电商,20070827,19.25,19.25,18.81,18.84,19.26,-0.42,-2.18,7491.2,14245.7417,1424.57417,14.245741700000002,0.142457417
002127.SZ,002127,南极电商,20070828,18.82,19.19,18.7,18.9,18.84,0.06,0.32,6769.8,12792.7779,1279.27779,12.7927779,0.127927779
002127.SZ,002127,南极电商,20070829,18.72,18.95,17.88,18.18,18.9,-0.72,-3.81,10092.24,18551.9447,1855.19447,18.5519447,0.185519447
002127.SZ,002127,南极电商,20070830,18.06,18.55,18.06,18.41,18.18,0.23,1.27,6536.15,11987.3908,1198.7390799999998,11.987390799999998,0.1198739079999999
002127.SZ,002127,南极电商,20070831,18.6,18.78,18.45,18.62,18.41,0.21,1.14,7664.33,14229.2494,1422.92494,14.2292494,0.142292494
002127.SZ,002127,南极电商,20070903,18.7,19.1,18.58,18.99,18.62,0.37,1.99,9495.17,17923.9337,1792.3933700000002,17.923933700000003,0.179239337
002127.SZ,002127,南极电商,20070904,19.2,19.2,18.78,18.86,18.99,-0.13,-0.68,8253.98,15712.9596,1571.29596,15.7129596,0.1571295959999999
002127.SZ,002127,南极电商,20070905,18.85,19.08,18.52,18.69,18.86,-0.17,-0.9,6761.8,12699.1467,1269.91467,12.699146699999998,0.1269914669999999
002127.SZ,002127,南极电商,20070906,18.8,19.0,18.69,18.88,18.69,0.19,1.02,6442.78,12144.9076,1214.49076,12.144907600000002,0.121449076
002127.SZ,002127,南极电商,20070907,18.88,18.88,18.26,18.3,18.88,-0.58,-3.07,8993.53,16631.3494,1663.13494,16.631349399999998,0.1663134939999999
002127.SZ,002127,南极电商,20070910,18.0,18.38,17.74,18.3,18.3,0.0,0.0,6647.34,12001.5477,1200.15477,12.001547699999998,0.1200154769999999
002127.SZ,002127,南极电商,20070911,18.3,18.38,17.51,17.6,18.3,-0.7,-3.83,7769.61,14061.1434,1406.11434,14.0611434,0.140611434
002127.SZ,002127,南极电商,20070912,17.8,18.15,17.7,18.13,17.6,0.53,3.01,9821.05,17630.6298,1763.06298,17.630629799999998,0.1763062979999999
002127.SZ,002127,南极电商,20070913,18.1,18.2,17.79,17.98,18.13,-0.15,-0.83,4941.31,8856.5596,885.65596,8.8565596,0.088565596
002127.SZ,002127,南极电商,20070914,18.0,18.08,17.7,18.0,17.98,0.02,0.11,6175.17,11029.8668,1102.98668,11.0298668,0.110298668
002127.SZ,002127,南极电商,20070917,17.85,18.17,17.72,18.0,18.0,0.0,0.0,6987.79,12536.649,1253.6649,12.536649,0.12536649
002127.SZ,002127,南极电商,20070918,18.0,18.48,17.96,18.28,18.0,0.28,1.56,7017.7,12798.8296,1279.88296,12.7988296,0.127988296
002127.SZ,002127,南极电商,20070919,18.28,18.35,17.81,17.85,18.28,-0.43,-2.35,5725.05,10294.1718,1029.41718,10.2941718,0.1029417179999999
002127.SZ,002127,南极电商,20070920,17.8,18.0,17.66,17.72,17.85,-0.13,-0.73,6174.57,10964.5952,1096.45952,10.964595199999998,0.1096459519999999
002127.SZ,002127,南极电商,20070921,17.85,17.9,17.25,17.35,17.72,-0.37,-2.09,5964.79,10427.4264,1042.74264,10.4274264,0.104274264
002127.SZ,002127,南极电商,20070924,17.35,17.35,17.03,17.27,17.35,-0.08,-0.46,5223.17,8951.5064,895.1506400000001,8.951506400000001,0.089515064
002127.SZ,002127,南极电商,20070925,17.13,17.4,17.08,17.25,17.27,-0.02,-0.12,3088.74,5326.6623,532.66623,5.326662300000001,0.053266623
002127.SZ,002127,南极电商,20070926,17.4,17.65,17.2,17.25,17.25,0.0,0.0,2983.19,5194.2491,519.42491,5.1942491,0.0519424909999999
002127.SZ,002127,南极电商,20070927,17.27,17.44,17.12,17.42,17.25,0.17,0.99,3471.1,5993.0085,599.30085,5.993008499999999,0.0599300849999999
002127.SZ,002127,南极电商,20070928,17.47,17.76,17.47,17.72,17.42,0.3,1.72,5156.65,9118.9959,911.89959,9.1189959,0.091189959
002127.SZ,002127,南极电商,20071008,17.75,17.97,17.44,17.44,17.72,-0.28,-1.58,4926.45,8692.8823,869.2882299999999,8.692882299999999,0.0869288229999999
002127.SZ,002127,南极电商,20071009,17.51,17.86,17.45,17.85,17.44,0.41,2.35,3661.34,6469.4855,646.94855,6.469485499999999,0.064694855
002127.SZ,002127,南极电商,20071010,18.0,18.03,17.6,17.65,17.85,-0.2,-1.12,4189.0,7469.6271,746.96271,7.4696271,0.074696271
002127.SZ,002127,南极电商,20071011,17.66,17.99,17.53,17.59,17.65,-0.06,-0.34,4049.9,7173.8389,717.38389,7.1738389,0.071738389
002127.SZ,002127,南极电商,20071012,17.98,18.0,16.8,17.83,17.59,0.24,1.36,7357.95,12932.702,1293.2702,12.932702,0.12932702
002127.SZ,002127,南极电商,20071015,17.96,18.28,17.61,18.26,17.83,0.43,2.41,9760.79,17617.7022,1761.77022,17.6177022,0.176177022
002127.SZ,002127,南极电商,20071016,18.26,18.26,17.8,18.02,18.26,-0.24,-1.31,5132.13,9229.6156,922.96156,9.2296156,0.0922961559999999
002127.SZ,002127,南极电商,20071017,18.09,18.09,17.58,17.65,18.02,-0.37,-2.05,4171.32,7411.0915,741.10915,7.4110915,0.074110915
002127.SZ,002127,南极电商,20071018,17.73,17.9,17.1,17.58,17.65,-0.07,-0.4,4434.82,7777.8335,777.7833499999999,7.777833499999999,0.0777783349999999
002127.SZ,002127,南极电商,20071019,17.65,17.75,17.3,17.36,17.58,-0.22,-1.25,3079.3,5401.918,540.1918,5.401917999999999,0.0540191799999999
002127.SZ,002127,南极电商,20071022,17.58,17.78,17.3,17.47,17.36,0.11,0.63,4408.39,7743.5187,774.35187,7.743518699999999,0.0774351869999999
002127.SZ,002127,南极电商,20071023,17.46,17.73,17.03,17.23,17.47,-0.24,-1.37,4777.1,8247.6727,824.7672699999999,8.247672699999999,0.0824767269999999
002127.SZ,002127,南极电商,20071024,17.21,17.37,16.6,16.66,17.23,-0.57,-3.31,5879.63,9970.6463,997.06463,9.9706463,0.099706463
002127.SZ,002127,南极电商,20071025,16.5,16.66,15.4,15.41,16.66,-1.25,-7.5,8216.73,12982.8206,1298.28206,12.9828206,0.129828206
002127.SZ,002127,南极电商,20071026,15.09,15.59,15.05,15.42,15.41,0.01,0.06,3256.41,4987.9349,498.79349,4.9879349,0.0498793489999999
002127.SZ,002127,南极电商,20071029,15.43,15.87,15.25,15.4,15.42,-0.02,-0.13,2853.8,4404.8198,440.48198,4.4048198,0.044048198
002127.SZ,002127,南极电商,20071030,15.4,15.55,15.32,15.52,15.4,0.12,0.78,2876.68,4424.0417,442.40417,4.4240417,0.044240417
002127.SZ,002127,南极电商,20071031,15.65,16.05,15.42,16.0,15.52,0.48,3.09,3993.38,6331.3932,633.13932,6.3313932,0.063313932
002127.SZ,002127,南极电商,20071101,16.0,16.05,15.5,15.55,16.0,-0.45,-2.81,3618.97,5671.3342,567.13342,5.6713342,0.056713342
002127.SZ,002127,南极电商,20071102,15.4,15.6,15.0,15.06,15.55,-0.49,-3.15,4045.95,6148.2238,614.82238,6.148223799999999,0.0614822379999999
002127.SZ,002127,南极电商,20071105,15.01,15.68,14.82,15.4,15.06,0.34,2.26,3877.64,5872.4257,587.24257,5.8724257,0.058724257
002127.SZ,002127,南极电商,20071106,15.35,15.55,15.25,15.48,15.4,0.08,0.52,2075.2,3203.4702,320.34702000000004,3.2034702000000004,0.032034702
002127.SZ,002127,南极电商,20071107,15.31,15.68,15.26,15.46,15.48,-0.02,-0.13,2321.88,3576.5862,357.65862000000004,3.5765862000000004,0.035765862
002127.SZ,002127,南极电商,20071108,15.46,15.46,15.0,15.0,15.46,-0.46,-2.98,1996.83,3026.22,302.622,3.0262199999999995,0.0302621999999999
002127.SZ,002127,南极电商,20071109,14.9,15.55,14.86,15.46,15.0,0.46,3.07,3128.22,4736.6348,473.66348,4.7366348,0.047366348
002127.SZ,002127,南极电商,20071112,15.39,15.41,14.86,15.28,15.46,-0.18,-1.16,2561.53,3892.0409,389.20409,3.8920409,0.038920409
002127.SZ,002127,南极电商,20071113,15.21,15.6,15.21,15.29,15.28,0.01,0.07,2551.7,3934.8378,393.48378,3.9348378,0.0393483779999999
002127.SZ,002127,南极电商,20071114,15.33,15.68,15.33,15.53,15.29,0.24,1.57,5260.16,8166.0548,816.60548,8.1660548,0.081660548
002127.SZ,002127,南极电商,20071115,15.63,15.63,15.21,15.25,15.53,-0.28,-1.8,3087.26,4757.7209,475.7720900000001,4.757720900000001,0.047577209
002127.SZ,002127,南极电商,20071116,15.26,15.59,15.0,15.59,15.25,0.34,2.23,3489.23,5310.4608,531.04608,5.3104608,0.053104608
002127.SZ,002127,南极电商,20071119,15.64,16.31,15.5,16.16,15.59,0.57,3.66,9853.6,15804.8428,1580.48428,15.8048428,0.158048428
002127.SZ,002127,南极电商,20071120,16.15,16.15,15.85,15.97,16.16,-0.19,-1.18,5196.85,8310.5141,831.05141,8.3105141,0.083105141
002127.SZ,002127,南极电商,20071121,16.0,16.2,15.88,16.01,15.97,0.04,0.25,4028.79,6468.5508,646.85508,6.4685508,0.064685508
002127.SZ,002127,南极电商,20071122,16.01,16.01,15.13,15.21,16.01,-0.8,-5.0,3731.69,5819.0584,581.90584,5.8190584,0.058190584
002127.SZ,002127,南极电商,20071123,15.2,15.39,15.0,15.35,15.21,0.14,0.92,1783.95,2714.5585,271.45585,2.7145585,0.027145585
002127.SZ,002127,南极电商,20071126,15.44,15.61,15.31,15.31,15.35,-0.04,-0.26,2195.0,3396.7326,339.67326,3.3967325999999995,0.0339673259999999
002127.SZ,002127,南极电商,20071127,15.3,15.37,15.05,15.17,15.31,-0.14,-0.91,2138.0,3243.7497,324.37497,3.2437496999999995,0.0324374969999999
002127.SZ,002127,南极电商,20071128,15.26,15.3,15.11,15.17,15.17,0.0,0.0,1088.3,1652.1112,165.21112,1.6521112,0.016521112
002127.SZ,002127,南极电商,20071129,15.3,15.55,15.15,15.48,15.17,0.31,2.04,3029.01,4671.2404,467.12404,4.671240399999999,0.0467124039999999
002127.SZ,002127,南极电商,20071130,15.42,15.48,15.15,15.18,15.48,-0.3,-1.94,1739.0,2660.752,266.0752,2.660752,0.02660752
002127.SZ,002127,南极电商,20071203,15.2,15.48,15.17,15.39,15.18,0.21,1.38,1343.99,2067.5664,206.75664,2.0675664,0.020675664
002127.SZ,002127,南极电商,20071204,15.39,15.55,15.3,15.41,15.39,0.02,0.13,1481.01,2288.8003,228.88003,2.2888003,0.0228880029999999
002127.SZ,002127,南极电商,20071205,15.5,15.8,15.43,15.8,15.41,0.39,2.53,3918.51,6142.3378,614.23378,6.1423378,0.061423378
002127.SZ,002127,南极电商,20071206,15.85,15.85,15.6,15.75,15.8,-0.05,-0.32,2305.79,3627.3251,362.73251,3.6273251,0.036273251
002127.SZ,002127,南极电商,20071207,15.7,15.99,15.67,15.99,15.75,0.24,1.52,3830.79,6062.3017,606.23017,6.062301700000001,0.060623017
002127.SZ,002127,南极电商,20071210,15.81,16.18,15.67,16.18,15.99,0.19,1.19,5448.04,8735.7395,873.57395,8.7357395,0.0873573949999999
002127.SZ,002127,南极电商,20071211,16.18,16.83,16.03,16.83,16.18,0.65,4.02,12846.47,21154.8534,2115.48534,21.1548534,0.211548534
002127.SZ,002127,南极电商,20071212,17.4,17.4,16.68,16.91,16.83,0.08,0.48,17670.11,30087.2217,3008.72217,30.0872217,0.300872217
002127.SZ,002127,南极电商,20071213,17.15,17.45,16.59,16.84,16.91,-0.07,-0.41,12130.35,20645.7651,2064.57651,20.6457651,0.206457651
002127.SZ,002127,南极电商,20071214,16.89,17.15,16.35,16.73,16.84,-0.11,-0.65,10725.83,17788.5978,1778.85978,17.7885978,0.177885978
002127.SZ,002127,南极电商,20071218,16.8,16.9,16.3,16.4,16.73,-0.33,-1.97,4593.91,7613.914,761.3914,7.613913999999999,0.07613914
002127.SZ,002127,南极电商,20071219,16.43,16.73,16.43,16.7,16.4,0.3,1.83,3860.08,6412.3739,641.23739,6.4123739,0.064123739
002127.SZ,002127,南极电商,20071220,16.7,16.93,16.54,16.84,16.7,0.14,0.84,4482.61,7517.6218,751.76218,7.5176218,0.075176218
002127.SZ,002127,南极电商,20071221,16.69,17.15,16.6,17.0,16.84,0.16,0.95,6382.59,10800.3043,1080.03043,10.8003043,0.108003043
002127.SZ,002127,南极电商,20071224,17.12,17.42,17.0,17.1,17.0,0.1,0.59,11087.88,19089.0153,1908.90153,19.0890153,0.190890153
002127.SZ,002127,南极电商,20071225,17.18,17.43,17.08,17.4,17.1,0.3,1.75,5769.88,9976.3818,997.63818,9.9763818,0.0997638179999999
002127.SZ,002127,南极电商,20071226,17.5,17.8,17.45,17.6,17.4,0.2,1.15,5921.01,10421.1327,1042.11327,10.4211327,0.104211327
002127.SZ,002127,南极电商,20071227,17.7,18.1,17.62,17.9,17.6,0.3,1.7,10428.86,18689.7712,1868.97712,18.6897712,0.186897712
002127.SZ,002127,南极电商,20071228,17.87,19.28,17.6,18.8,17.9,0.9,5.03,23303.54,42960.0162,4296.00162,42.9600162,0.429600162
002127.SZ,002127,南极电商,20080102,18.65,19.01,18.4,18.77,18.8,-0.03,-0.16,12681.02,23850.4929,2385.04929,23.8504929,0.2385049289999999
002127.SZ,002127,南极电商,20080103,18.82,19.05,18.71,18.92,18.77,0.15,0.8,10364.42,19573.436,1957.3436,19.573436,0.19573436
002127.SZ,002127,南极电商,20080104,19.23,19.5,19.02,19.06,18.92,0.14,0.74,14653.29,28229.3917,2822.93917,28.2293917,0.282293917
002127.SZ,002127,南极电商,20080107,19.28,19.28,18.71,18.95,19.06,-0.11,-0.58,11464.42,21678.945,2167.8945,21.678945,0.21678945
002127.SZ,002127,南极电商,20080108,19.03,19.47,18.35,18.53,18.95,-0.42,-2.22,15102.06,28706.4297,2870.64297,28.7064297,0.2870642969999999
002127.SZ,002127,南极电商,20080109,18.54,19.38,18.54,19.23,18.53,0.7,3.78,9691.16,18489.7885,1848.97885,18.4897885,0.1848978849999999
002127.SZ,002127,南极电商,20080110,19.35,19.68,19.1,19.2,19.23,-0.03,-0.16,11381.42,22125.4235,2212.54235,22.1254235,0.221254235
002127.SZ,002127,南极电商,20080111,19.15,19.49,18.6,19.06,19.2,-0.14,-0.73,7860.58,14807.0298,1480.70298,14.8070298,0.148070298
002127.SZ,002127,南极电商,20080114,19.07,19.22,18.8,19.06,19.06,0.0,0.0,6067.68,11544.2651,1154.42651,11.5442651,0.115442651
002127.SZ,002127,南极电商,20080115,19.31,20.78,19.31,20.35,19.06,1.29,6.77,28282.76,57199.3655,5719.93655,57.199365500000006,0.5719936550000001
002127.SZ,002127,南极电商,20080116,20.36,20.38,19.8,20.0,20.35,-0.35,-1.72,13367.56,26879.2289,2687.92289,26.8792289,0.2687922889999999
002127.SZ,002127,南极电商,20080117,19.98,20.28,18.88,19.44,20.0,-0.56,-2.8,10825.14,21232.1852,2123.21852,21.2321852,0.212321852
002127.SZ,002127,南极电商,20080118,19.46,19.7,19.25,19.68,19.44,0.24,1.23,7766.64,15145.9916,1514.59916,15.1459916,0.151459916
002127.SZ,002127,南极电商,20080121,19.65,20.14,18.8,19.06,19.68,-0.62,-3.15,7462.46,14645.2195,1464.5219499999998,14.645219499999998,0.1464521949999999
002127.SZ,002127,南极电商,20080122,19.0,19.0,17.15,17.15,19.06,-1.91,-10.02,8986.26,15830.7742,1583.07742,15.8307742,0.158307742
002127.SZ,002127,南极电商,20080123,16.76,17.92,16.44,17.71,17.15,0.56,3.27,10152.75,17523.1811,1752.3181100000002,17.523181100000002,0.175231811
002127.SZ,002127,南极电商,20080124,17.72,18.15,17.6,17.99,17.71,0.28,1.58,7844.36,14059.571,1405.9571,14.059571,0.14059571
002127.SZ,002127,南极电商,20080125,17.98,18.26,17.7,17.81,17.99,-0.18,-1.0,4999.46,8958.8412,895.88412,8.9588412,0.089588412
002127.SZ,002127,南极电商,20080128,17.7,17.8,16.03,16.05,17.81,-1.76,-9.88,7600.34,12530.6725,1253.06725,12.5306725,0.125306725
002127.SZ,002127,南极电商,20080129,16.05,16.78,15.9,16.28,16.05,0.23,1.43,4973.7,8058.7657,805.87657,8.0587657,0.080587657
002127.SZ,002127,南极电商,20080130,16.51,16.72,16.0,16.45,16.28,0.17,1.04,3866.83,6361.9895,636.19895,6.3619895,0.063619895
002127.SZ,002127,南极电商,20080131,16.55,16.68,16.41,16.56,16.45,0.11,0.67,4823.39,7992.1085,799.21085,7.9921085,0.079921085
002127.SZ,002127,南极电商,20080201,16.57,16.65,15.12,15.65,16.56,-0.91,-5.5,3038.02,4777.6824,477.76824,4.7776824,0.0477768239999999
002127.SZ,002127,南极电商,20080204,15.9,16.85,15.88,16.8,15.65,1.15,7.35,3921.44,6500.062,650.0062,6.500062000000001,0.06500062
002127.SZ,002127,南极电商,20080205,16.69,16.86,16.3,16.7,16.8,-0.1,-0.6,3807.13,6333.4689,633.34689,6.333468900000001,0.063334689
002127.SZ,002127,南极电商,20080213,16.38,16.79,16.18,16.69,16.7,-0.01,-0.06,1449.49,2398.1415,239.81415,2.3981415,0.023981415
002127.SZ,002127,南极电商,20080214,16.87,17.0,16.58,16.9,16.69,0.21,1.26,2648.71,4461.2833,446.12833,4.4612833,0.044612833
002127.SZ,002127,南极电商,20080215,16.89,16.89,16.5,16.8,16.9,-0.1,-0.59,2212.5,3683.5145,368.35145,3.6835145,0.036835145
002127.SZ,002127,南极电商,20080218,16.91,17.28,16.91,17.18,16.8,0.38,2.26,3974.29,6825.9737,682.59737,6.8259737,0.068259737
002127.SZ,002127,南极电商,20080219,17.09,17.76,17.0,17.7,17.18,0.52,3.03,4685.2,8217.6454,821.7645399999999,8.217645399999999,0.0821764539999999
002127.SZ,002127,南极电商,20080220,17.82,17.9,17.33,17.36,17.7,-0.34,-1.92,5615.88,9847.604,984.7604,9.847604,0.0984760399999999
002127.SZ,002127,南极电商,20080221,17.36,17.55,17.12,17.45,17.36,0.09,0.52,3073.98,5323.6087,532.36087,5.323608699999999,0.0532360869999999
002127.SZ,002127,南极电商,20080222,17.45,17.49,16.7,17.46,17.45,0.01,0.06,5147.13,8824.1765,882.41765,8.8241765,0.088241765
002127.SZ,002127,南极电商,20080225,17.5,17.98,17.26,17.47,17.46,0.01,0.06,8110.84,14347.6434,1434.7643400000002,14.347643400000004,0.143476434
002127.SZ,002127,南极电商,20080226,18.01,18.18,17.3,17.71,17.47,0.24,1.37,4588.76,8107.486,810.7486,8.107486,0.08107486
002127.SZ,002127,南极电商,20080227,17.78,18.3,17.5,18.24,17.71,0.53,2.99,6107.1,10990.9716,1099.09716,10.9909716,0.109909716
002127.SZ,002127,南极电商,20080228,18.18,18.3,17.83,18.03,18.24,-0.21,-1.15,3256.94,5883.6954,588.3695399999999,5.883695399999999,0.0588369539999999
002127.SZ,002127,南极电商,20080229,18.45,18.58,18.25,18.38,18.03,0.35,1.94,6245.1,11485.4828,1148.54828,11.4854828,0.1148548279999999
002127.SZ,002127,南极电商,20080303,18.1,18.6,18.0,18.53,18.38,0.15,0.82,5574.93,10286.5995,1028.65995,10.2865995,0.1028659949999999
002127.SZ,002127,南极电商,20080304,18.55,18.75,18.01,18.15,18.53,-0.38,-2.05,5473.06,10060.6222,1006.06222,10.0606222,0.100606222
002127.SZ,002127,南极电商,20080305,18.0,18.28,17.6,18.05,18.15,-0.1,-0.55,4040.05,7241.1678,724.1167800000001,7.2411678,0.072411678
002127.SZ,002127,南极电商,20080306,17.99,18.1,17.62,17.89,18.05,-0.16,-0.89,6187.5,11065.8234,1106.58234,11.0658234,0.110658234
002127.SZ,002127,南极电商,20080307,17.9,18.19,17.7,18.0,17.89,0.11,0.61,4250.0,7616.7045,761.67045,7.6167045,0.076167045
002127.SZ,002127,南极电商,20080310,17.98,18.59,17.7,18.18,18.0,0.18,1.0,7960.55,14510.5634,1451.05634,14.5105634,0.1451056339999999
002127.SZ,002127,南极电商,20080311,18.0,18.02,17.17,17.8,18.18,-0.38,-2.09,4134.78,7313.5097,731.35097,7.3135097,0.073135097
002127.SZ,002127,南极电商,20080312,17.8,18.03,17.12,17.15,17.8,-0.65,-3.65,4403.5,7716.6115,771.66115,7.7166115,0.077166115
002127.SZ,002127,南极电商,20080313,17.15,17.15,16.02,16.56,17.15,-0.59,-3.44,3798.64,6345.9502,634.59502,6.3459502,0.063459502
002127.SZ,002127,南极电商,20080314,16.56,16.8,16.3,16.58,16.56,0.02,0.12,1801.67,2975.0206,297.50206,2.9750206,0.0297502059999999
002127.SZ,002127,南极电商,20080317,16.45,16.67,15.6,15.61,16.58,-0.97,-5.85,2962.7,4790.9314,479.09314000000006,4.790931400000001,0.047909314
002127.SZ,002127,南极电商,20080318,15.6,15.85,14.58,14.71,15.61,-0.9,-5.77,4818.96,7253.7119,725.3711900000001,7.253711900000001,0.072537119
002127.SZ,002127,南极电商,20080319,15.05,15.6,14.91,15.22,14.71,0.51,3.47,2829.46,4322.5547,432.25547,4.3225547,0.0432255469999999
002127.SZ,002127,南极电商,20080320,15.02,15.84,14.65,15.75,15.22,0.53,3.48,4340.69,6634.5971,663.45971,6.6345971,0.066345971
002127.SZ,002127,南极电商,20080321,15.75,16.29,15.68,16.09,15.75,0.34,2.16,3045.94,4828.4247,482.84246999999993,4.828424699999999,0.0482842469999999
002127.SZ,002127,南极电商,20080324,16.25,16.45,15.98,16.2,16.09,0.11,0.68,5492.59,8926.5076,892.6507600000001,8.9265076,0.089265076
002127.SZ,002127,南极电商,20080325,16.22,16.8,16.2,16.46,16.2,0.26,1.6,4817.35,7890.6025,789.06025,7.8906025,0.078906025
002127.SZ,002127,南极电商,20080326,16.5,16.74,16.27,16.4,16.46,-0.06,-0.36,4282.63,7053.7724,705.37724,7.053772400000001,0.070537724
002127.SZ,002127,南极电商,20080327,16.4,16.52,15.0,15.38,16.4,-1.02,-6.22,4574.37,7173.9818,717.3981799999999,7.173981799999999,0.071739818
002127.SZ,002127,南极电商,20080328,15.12,15.98,15.1,15.91,15.38,0.53,3.45,2908.0,4531.547,453.15469999999993,4.531547,0.04531547
002127.SZ,002127,南极电商,20080331,15.43,15.8,15.39,15.43,15.91,-0.48,-3.02,1972.19,3059.1006,305.91006000000004,3.0591006000000003,0.030591006
002127.SZ,002127,南极电商,20080401,15.43,15.67,13.9,14.0,15.43,-1.43,-9.27,5925.82,8745.6795,874.56795,8.7456795,0.0874567949999999
002127.SZ,002127,南极电商,20080402,14.33,14.49,13.28,13.49,14.0,-0.51,-3.64,4372.11,6071.8928,607.1892799999999,6.0718928,0.060718928
002127.SZ,002127,南极电商,20080403,13.64,14.1,13.05,13.95,13.49,0.46,3.41,2509.19,3426.7234,342.67234,3.4267234,0.034267234
002127.SZ,002127,南极电商,20080407,13.85,14.76,13.5,14.55,13.95,0.6,4.3,4130.4,5914.4546,591.44546,5.9144546,0.059144546
002127.SZ,002127,南极电商,20080408,14.54,14.88,14.31,14.6,14.55,0.05,0.34,2903.5,4245.506,424.5506,4.245506000000001,0.04245506
002127.SZ,002127,南极电商,20080409,14.56,14.76,13.61,13.85,14.6,-0.75,-5.14,2963.8,4235.6434,423.56434,4.2356434,0.042356434
002127.SZ,002127,南极电商,20080410,13.46,14.3,13.46,14.14,13.85,0.29,2.09,1946.3,2701.8553,270.18553,2.7018553,0.027018553
002127.SZ,002127,南极电商,20080411,14.1,14.54,14.1,14.48,14.14,0.34,2.4,3173.82,4549.5978,454.95978,4.5495978,0.045495978
002127.SZ,002127,南极电商,20080414,14.27,14.48,13.55,13.83,14.48,-0.65,-4.49,2249.36,3106.3513,310.63513,3.1063513,0.031063513
002127.SZ,002127,南极电商,20080415,13.59,14.09,13.41,14.0,13.83,0.17,1.23,1635.0,2251.786,225.1786,2.251786,0.02251786
002127.SZ,002127,南极电商,20080416,13.72,13.96,13.63,13.72,14.0,-0.28,-2.0,1186.37,1636.1477,163.61477,1.6361477,0.016361477
002127.SZ,002127,南极电商,20080417,13.89,13.9,13.05,13.12,13.72,-0.6,-4.37,2149.5,2871.988,287.1988,2.871988,0.02871988
002127.SZ,002127,南极电商,20080418,13.06,13.25,12.3,12.45,13.12,-0.67,-5.11,2652.0,3350.7176,335.07176,3.3507176,0.033507176
002127.SZ,002127,南极电商,20080422,11.55,11.81,11.21,11.53,12.45,-0.92,-7.39,7172.24,8165.4773,816.54773,8.1654773,0.0816547729999999
002127.SZ,002127,南极电商,20080423,11.4,11.93,11.35,11.87,11.53,0.34,2.95,4439.04,5188.9967,518.89967,5.188996700000001,0.051889967
002127.SZ,002127,南极电商,20080424,12.87,13.05,12.51,13.0,11.87,1.13,9.52,8700.43,11124.2804,1112.42804,11.1242804,0.111242804
002127.SZ,002127,南极电商,20080425,12.99,13.52,12.71,13.1,13.0,0.1,0.77,7164.1,9449.156,944.9156,9.449156,0.09449156
002127.SZ,002127,南极电商,20080428,12.86,13.57,12.8,13.33,13.1,0.23,1.76,8049.85,10734.1783,1073.41783,10.734178299999998,0.1073417829999999
002127.SZ,002127,南极电商,20080429,13.2,13.48,13.2,13.39,13.33,0.06,0.45,4167.09,5562.3789,556.23789,5.5623789,0.055623789
002127.SZ,002127,南极电商,20080430,13.46,13.91,13.33,13.88,13.39,0.49,3.66,6393.51,8738.325,873.8325000000001,8.738325000000001,0.08738325
002127.SZ,002127,南极电商,20080505,13.96,14.09,13.61,14.0,13.88,0.12,0.86,5241.49,7246.4033,724.64033,7.2464033,0.072464033
002127.SZ,002127,南极电商,20080506,13.85,13.98,13.69,13.8,14.0,-0.2,-1.43,5236.6,7233.1112,723.3111200000001,7.233111200000001,0.072331112
002127.SZ,002127,南极电商,20080507,13.78,13.95,13.1,13.17,13.8,-0.63,-4.57,5118.62,6878.9964,687.89964,6.8789964,0.068789964
002127.SZ,002127,南极电商,20080508,13.0,13.6,12.9,13.57,13.17,0.4,3.04,3925.8,5178.3049,517.83049,5.1783049000000005,0.051783049
002127.SZ,002127,南极电商,20080509,13.64,13.8,13.2,13.75,13.57,0.18,1.33,5078.13,6893.3392,689.33392,6.893339200000001,0.068933392
002127.SZ,002127,南极电商,20080512,13.75,14.55,13.75,14.44,13.75,0.69,5.02,12938.17,18484.1971,1848.41971,18.484197100000003,0.184841971
002127.SZ,002127,南极电商,20080513,13.9,14.38,13.8,14.3,14.44,-0.14,-0.97,6184.0,8731.4345,873.1434499999999,8.731434499999999,0.0873143449999999
002127.SZ,002127,南极电商,20080514,14.28,14.77,14.16,14.53,14.3,0.23,1.61,5515.31,7977.543,797.7543,7.977543,0.07977543
002127.SZ,002127,南极电商,20080515,14.53,14.7,14.39,14.4,14.53,-0.13,-0.89,5634.4,8182.7415,818.27415,8.182741499999999,0.0818274149999999
002127.SZ,002127,南极电商,20080516,14.4,14.57,13.82,13.92,14.4,-0.48,-3.33,6905.38,9738.3429,973.83429,9.7383429,0.097383429
002127.SZ,002127,南极电商,20080519,9.76,9.88,9.53,9.57,9.91,-0.34,-3.43,3105.49,2990.8926,299.08926,2.9908926000000005,0.029908926
002127.SZ,002127,南极电商,20080520,9.57,9.68,8.9,8.92,9.57,-0.65,-6.79,3599.16,3368.0382,336.80382,3.3680381999999995,0.0336803819999999
002127.SZ,002127,南极电商,20080521,8.93,9.05,8.5,8.95,8.92,0.03,0.34,4016.46,3504.3839,350.43839,3.5043839,0.0350438389999999
002127.SZ,002127,南极电商,20080522,8.93,8.97,8.7,8.78,8.95,-0.17,-1.9,3089.79,2732.5537,273.25537,2.7325536999999995,0.0273255369999999
002127.SZ,002127,南极电商,20080523,8.8,8.9,8.61,8.85,8.78,0.07,0.8,3002.62,2634.4268,263.44268,2.6344268,0.026344268
002127.SZ,002127,南极电商,20080526,8.62,8.79,8.51,8.54,8.85,-0.31,-3.5,2345.8,2021.7854,202.17854,2.0217854,0.020217854
002127.SZ,002127,南极电商,20080527,8.57,8.61,8.46,8.54,8.54,0.0,0.0,2003.8,1707.6232,170.76232,1.7076231999999998,0.0170762319999999
002127.SZ,002127,南极电商,20080528,8.59,8.75,8.49,8.75,8.54,0.21,2.46,2015.14,1739.1092,173.91092,1.7391092,0.017391092
002127.SZ,002127,南极电商,20080529,8.7,8.78,8.47,8.47,8.75,-0.28,-3.2,2508.0,2158.0796,215.80796,2.1580796,0.021580796
002127.SZ,002127,南极电商,20080530,8.59,8.63,8.48,8.61,8.47,0.14,1.65,1769.44,1514.6965,151.46965,1.5146965,0.015146965
002127.SZ,002127,南极电商,20080602,8.61,8.74,8.51,8.74,8.61,0.13,1.51,2814.26,2438.2058,243.82058,2.4382058,0.0243820579999999
002127.SZ,002127,南极电商,20080603,8.74,8.82,8.6,8.63,8.74,-0.11,-1.26,2306.0,2000.1437,200.01437,2.0001437,0.020001437
002127.SZ,002127,南极电商,20080604,8.69,8.7,8.46,8.66,8.63,0.03,0.35,1932.14,1649.7797,164.97797,1.6497797,0.016497797
002127.SZ,002127,南极电商,20080605,8.59,8.85,8.53,8.85,8.66,0.19,2.19,3924.76,3430.7276,343.07276,3.4307276,0.034307276
002127.SZ,002127,南极电商,20080606,8.81,9.09,8.73,8.97,8.85,0.12,1.36,5159.61,4616.3617,461.6361700000001,4.616361700000001,0.046163617
002127.SZ,002127,南极电商,20080610,8.7,8.7,8.07,8.07,8.97,-0.9,-10.03,4475.2,3695.8146,369.58146,3.6958146,0.036958146
002127.SZ,002127,南极电商,20080611,8.05,8.05,7.61,7.7,8.07,-0.37,-4.58,2296.5,1797.6255,179.76255,1.7976255,0.017976255
002127.SZ,002127,南极电商,20080612,7.79,7.88,7.43,7.51,7.7,-0.19,-2.47,2549.99,1931.5859,193.15859,1.9315859,0.019315859
002127.SZ,002127,南极电商,20080613,7.5,7.59,7.3,7.3,7.51,-0.21,-2.8,2825.4,2107.7892,210.77892000000003,2.1077892000000005,0.021077892
002127.SZ,002127,南极电商,20080617,7.32,7.57,7.06,7.1,7.3,-0.2,-2.74,4527.34,3321.3951,332.13951000000003,3.3213951,0.033213951
002127.SZ,002127,南极电商,20080618,7.1,7.48,6.66,7.42,7.1,0.32,4.51,7031.09,4984.41,498.441,4.98441,0.0498440999999999
002127.SZ,002127,南极电商,20080619,7.3,7.3,6.68,6.77,7.42,-0.65,-8.76,4672.5,3253.0586,325.30586,3.2530586,0.032530586
002127.SZ,002127,南极电商,20080620,6.78,7.08,6.2,6.84,6.77,0.07,1.03,3722.29,2517.9797,251.79797,2.5179797,0.0251797969999999
002127.SZ,002127,南极电商,20080623,6.79,6.83,6.6,6.67,6.84,-0.17,-2.49,1707.09,1147.3037,114.73037,1.1473037,0.0114730369999999
002127.SZ,002127,南极电商,20080624,6.69,6.76,6.33,6.57,6.67,-0.1,-1.5,3675.88,2409.3025,240.93025,2.4093025,0.024093025
002127.SZ,002127,南极电商,20080625,6.6,6.94,6.52,6.92,6.57,0.35,5.33,3994.48,2715.4155,271.54155000000003,2.7154155,0.027154155
002127.SZ,002127,南极电商,20080626,6.88,7.07,6.8,7.0,6.92,0.08,1.16,3015.16,2087.1176,208.71176,2.0871176,0.020871176
002127.SZ,002127,南极电商,20080627,6.8,6.8,6.3,6.32,7.0,-0.68,-9.71,3040.11,1985.4556,198.54556,1.9854556,0.019854556
002127.SZ,002127,南极电商,20080630,6.23,6.5,6.23,6.38,6.32,0.06,0.95,2020.41,1289.9712,128.99712,1.2899712,0.0128997119999999
002127.SZ,002127,南极电商,20080701,6.47,7.02,6.37,7.02,6.38,0.64,10.03,14375.17,9912.8569,991.28569,9.9128569,0.099128569
002127.SZ,002127,南极电商,20080702,7.1,7.72,7.03,7.72,7.02,0.7,9.97,56380.53,42289.2792,4228.92792,42.2892792,0.422892792
002127.SZ,002127,南极电商,20080703,7.72,8.4,7.5,8.14,7.72,0.42,5.44,43866.58,34681.0089,3468.10089,34.6810089,0.346810089
002127.SZ,002127,南极电商,20080704,8.01,8.36,7.76,8.02,8.14,-0.12,-1.47,33583.82,26816.2679,2681.62679,26.8162679,0.268162679
002127.SZ,002127,南极电商,20080707,7.98,8.55,7.91,8.25,8.02,0.23,2.87,30311.15,24904.5398,2490.45398,24.9045398,0.2490453979999999
002127.SZ,002127,南极电商,20080708,8.25,8.55,7.97,8.39,8.25,0.14,1.7,30757.82,25355.0144,2535.50144,25.3550144,0.253550144
002127.SZ,002127,南极电商,20080709,8.4,8.68,8.16,8.4,8.39,0.01,0.12,36889.17,30900.368,3090.0368,30.900368,0.30900368
002127.SZ,002127,南极电商,20080710,8.2,8.78,8.02,8.46,8.4,0.06,0.71,42422.89,35732.1485,3573.2148500000003,35.7321485,0.357321485
002127.SZ,002127,南极电商,20080711,8.39,9.31,8.29,9.31,8.46,0.85,10.05,72265.65,65191.3121,6519.1312100000005,65.1913121,0.6519131210000001
002127.SZ,002127,南极电商,20080714,9.4,9.78,8.91,9.31,9.31,0.0,0.0,57501.96,53660.13,5366.013,53.66013,0.5366013000000001
002127.SZ,002127,南极电商,20080715,9.21,9.3,8.38,8.62,9.31,-0.69,-7.41,45553.46,40347.9978,4034.79978,40.3479978,0.403479978
002127.SZ,002127,南极电商,20080716,8.39,8.58,7.76,7.96,8.62,-0.66,-7.66,29976.11,24264.0447,2426.40447,24.2640447,0.2426404469999999
002127.SZ,002127,南极电商,20080717,8.15,8.32,7.71,7.72,7.96,-0.24,-3.02,21594.51,17361.6595,1736.16595,17.361659500000002,0.173616595
002127.SZ,002127,南极电商,20080718,7.85,8.02,7.26,7.9,7.72,0.18,2.33,21937.65,16815.8578,1681.58578,16.8158578,0.168158578
002127.SZ,002127,南极电商,20080721,7.78,8.4,7.78,8.32,7.9,0.42,5.32,25825.12,21214.1091,2121.41091,21.2141091,0.212141091
002127.SZ,002127,南极电商,20080722,8.2,8.42,8.19,8.36,8.32,0.04,0.48,18703.81,15534.5866,1553.45866,15.5345866,0.155345866
002127.SZ,002127,南极电商,20080723,8.36,8.98,8.33,8.56,8.36,0.2,2.39,29249.79,25468.2869,2546.82869,25.4682869,0.254682869
002127.SZ,002127,南极电商,20080724,8.66,8.8,8.39,8.68,8.56,0.12,1.4,23265.12,20069.9191,2006.99191,20.0699191,0.200699191
002127.SZ,002127,南极电商,20080725,8.6,8.67,8.45,8.51,8.68,-0.17,-1.96,11539.09,9866.5261,986.65261,9.866526099999998,0.0986652609999999
002127.SZ,002127,南极电商,20080729,8.54,8.66,8.32,8.38,8.51,-0.13,-1.53,10932.73,9242.9007,924.29007,9.2429007,0.092429007
002127.SZ,002127,南极电商,20080730,8.48,8.65,8.1,8.3,8.38,-0.08,-0.95,9361.66,7862.96,786.296,7.86296,0.0786296
002127.SZ,002127,南极电商,20080731,8.38,8.38,7.91,7.93,8.3,-0.37,-4.46,8810.43,7117.3649,711.73649,7.1173649,0.071173649
002127.SZ,002127,南极电商,20080801,7.95,8.21,7.95,8.12,7.93,0.19,2.4,10473.55,8476.1376,847.61376,8.4761376,0.084761376
002127.SZ,002127,南极电商,20080804,8.08,8.08,7.58,7.6,8.12,-0.52,-6.4,8775.08,6834.4036,683.4403599999999,6.834403599999999,0.068344036
002127.SZ,002127,南极电商,20080805,7.78,7.78,7.28,7.3,7.6,-0.3,-3.95,4941.2,3700.0874,370.00874,3.7000874,0.0370008739999999
002127.SZ,002127,南极电商,20080806,7.43,7.5,7.11,7.24,7.3,-0.06,-0.82,4679.11,3411.1537,341.11537,3.4111537,0.034111537
002127.SZ,002127,南极电商,20080807,7.27,7.48,7.23,7.41,7.24,0.17,2.35,4572.58,3349.7424,334.97424,3.3497424,0.033497424
002127.SZ,002127,南极电商,20080808,7.45,7.48,6.67,6.67,7.41,-0.74,-9.99,8918.5,6187.6991,618.76991,6.1876991,0.061876991
002127.SZ,002127,南极电商,20080811,6.79,6.84,6.0,6.0,6.67,-0.67,-10.05,9128.64,5661.3026,566.13026,5.6613026,0.056613026
002127.SZ,002127,南极电商,20080812,6.0,6.6,5.7,6.6,6.0,0.6,10.0,16707.09,10463.1393,1046.31393,10.4631393,0.104631393
002127.SZ,002127,南极电商,20080813,6.55,7.25,6.47,7.19,6.6,0.59,8.94,29862.06,20586.9681,2058.69681,20.5869681,0.205869681
002127.SZ,002127,南极电商,20080814,7.14,7.14,6.7,6.95,7.19,-0.24,-3.34,17030.78,11790.8135,1179.08135,11.7908135,0.1179081349999999
002127.SZ,002127,南极电商,20080815,6.95,7.44,6.61,7.14,6.95,0.19,2.73,14800.33,10392.9284,1039.29284,10.3929284,0.103929284
002127.SZ,002127,南极电商,20080818,7.12,7.12,6.43,6.43,7.14,-0.71,-9.94,10682.4,7096.6838,709.66838,7.096683799999999,0.0709668379999999
002127.SZ,002127,南极电商,20080819,6.33,6.7,6.01,6.6,6.43,0.17,2.64,9096.74,5808.4504,580.8450399999999,5.808450399999999,0.0580845039999999
002127.SZ,002127,南极电商,20080820,6.58,7.15,6.41,7.06,6.6,0.46,6.97,17182.3,11892.1514,1189.21514,11.8921514,0.1189215139999999
002127.SZ,002127,南极电商,20080821,6.9,7.04,6.6,6.81,7.06,-0.25,-3.54,10269.13,7006.8604,700.6860399999999,7.006860399999999,0.0700686039999999
002127.SZ,002127,南极电商,20080822,6.72,6.76,6.28,6.45,6.81,-0.36,-5.29,5963.96,3881.4597,388.14597,3.8814597,0.038814597
002127.SZ,002127,南极电商,20080825,6.44,6.57,6.26,6.28,6.45,-0.17,-2.64,4550.33,2920.8028,292.08028,2.9208028,0.029208028
002127.SZ,002127,南极电商,20080826,6.05,6.27,5.74,5.77,6.28,-0.51,-8.12,6883.1,4089.2761,408.92761,4.0892761,0.040892761
002127.SZ,002127,南极电商,20080827,5.86,5.94,5.48,5.76,5.77,-0.01,-0.17,5696.38,3266.5405,326.65405,3.2665405,0.0326654049999999
002127.SZ,002127,南极电商,20080828,5.87,5.96,5.77,5.93,5.76,0.17,2.95,4654.65,2741.4917,274.14917,2.7414917,0.027414917
002127.SZ,002127,南极电商,20080829,6.04,6.18,6.0,6.13,5.93,0.2,3.37,6565.78,4011.5752,401.15752,4.0115752,0.040115752
002127.SZ,002127,南极电商,20080901,6.0,6.06,5.81,5.87,6.13,-0.26,-4.24,4118.7,2426.3859,242.63859,2.4263859,0.024263859
002127.SZ,002127,南极电商,20080902,5.76,6.0,5.76,5.93,5.87,0.06,1.02,2924.95,1732.2947,173.22947,1.7322947,0.0173229469999999
002127.SZ,002127,南极电商,20080903,5.95,5.99,5.8,5.92,5.93,-0.01,-0.17,2595.89,1524.9973,152.49973,1.5249973,0.0152499729999999
002127.SZ,002127,南极电商,20080904,5.92,6.51,5.92,6.51,5.92,0.59,9.97,17727.3,11403.5121,1140.35121,11.4035121,0.114035121
002127.SZ,002127,南极电商,20080905,6.52,7.09,6.48,6.71,6.51,0.2,3.07,45149.01,30567.1953,3056.71953,30.5671953,0.305671953
002127.SZ,002127,南极电商,20080908,6.61,6.98,6.41,6.46,6.71,-0.25,-3.73,23090.63,15354.1675,1535.41675,15.3541675,0.153541675
002127.SZ,002127,南极电商,20080909,6.31,6.48,6.03,6.24,6.46,-0.22,-3.41,19353.86,12026.2166,1202.62166,12.0262166,0.120262166
002127.SZ,002127,南极电商,20080910,6.21,6.49,5.82,6.36,6.24,0.12,1.92,17257.02,10687.3304,1068.73304,10.6873304,0.106873304
002127.SZ,002127,南极电商,20080911,6.28,6.36,5.91,6.0,6.36,-0.36,-5.66,9339.29,5677.1791,567.7179100000001,5.677179100000001,0.056771791
002127.SZ,002127,南极电商,20080912,5.99,6.05,5.8,5.84,6.0,-0.16,-2.67,8840.21,5217.7845,521.77845,5.2177845000000005,0.052177845
002127.SZ,002127,南极电商,20080916,5.89,5.99,5.8,5.93,5.84,0.09,1.54,7069.61,4157.1127,415.71127,4.1571127,0.041571127
002127.SZ,002127,南极电商,20080917,5.95,6.04,5.48,5.54,5.93,-0.39,-6.58,6881.09,3960.2862,396.02862,3.9602862,0.039602862
002127.SZ,002127,南极电商,20080918,5.29,5.46,4.99,5.26,5.54,-0.28,-5.05,9422.92,4901.4619,490.1461900000001,4.9014619,0.049014619
002127.SZ,002127,南极电商,20080919,5.79,5.79,5.6,5.79,5.26,0.53,10.08,8480.37,4887.7154,488.77154,4.8877154,0.048877154
002127.SZ,002127,南极电商,20080922,6.07,6.37,5.82,6.37,5.79,0.58,10.02,27427.22,16990.6958,1699.06958,16.9906958,0.169906958
002127.SZ,002127,南极电商,20080923,6.1,6.18,5.84,5.86,6.37,-0.51,-8.01,13080.34,7832.6982,783.26982,7.832698199999999,0.0783269819999999
002127.SZ,002127,南极电商,20080924,5.7,6.1,5.42,6.1,5.86,0.24,4.1,9862.66,5720.6564,572.06564,5.7206564,0.057206564
002127.SZ,002127,南极电商,20080925,6.01,6.25,5.98,6.12,6.1,0.02,0.33,16621.25,10175.5471,1017.55471,10.1755471,0.1017554709999999
002127.SZ,002127,南极电商,20080926,6.14,6.24,5.82,6.2,6.12,0.08,1.31,13555.31,8206.7557,820.67557,8.2067557,0.082067557
002127.SZ,002127,南极电商,20081006,6.03,6.1,5.88,5.88,6.2,-0.32,-5.16,5770.02,3443.5856,344.35856,3.4435856,0.034435856
002127.SZ,002127,南极电商,20081007,5.68,5.87,5.59,5.68,5.88,-0.2,-3.4,4837.53,2753.6792,275.36792,2.7536792,0.027536792
002127.SZ,002127,南极电商,20081008,5.62,5.78,5.4,5.44,5.68,-0.24,-4.23,5298.68,2943.1807,294.31807,2.9431807,0.0294318069999999
002127.SZ,002127,南极电商,20081009,5.56,5.59,5.36,5.36,5.44,-0.08,-1.47,3720.31,2026.0538,202.60538,2.0260538,0.020260538
002127.SZ,002127,南极电商,20081010,5.18,5.18,5.0,5.02,5.36,-0.34,-6.34,5654.56,2875.456,287.54560000000004,2.875456,0.02875456
002127.SZ,002127,南极电商,20081013,5.0,5.09,4.6,5.08,5.02,0.06,1.2,6049.96,2923.5968,292.35968,2.9235968,0.0292359679999999
002127.SZ,002127,南极电商,20081014,5.17,5.49,5.17,5.19,5.08,0.11,2.17,12993.86,6863.7843,686.37843,6.8637843,0.068637843
002127.SZ,002127,南极电商,20081015,5.19,5.2,5.0,5.05,5.19,-0.14,-2.7,4450.98,2269.2524,226.92524,2.2692524,0.0226925239999999
002127.SZ,002127,南极电商,20081016,4.96,4.96,4.65,4.65,5.05,-0.4,-7.92,4944.4,2350.7752,235.07752,2.3507752,0.0235077519999999
002127.SZ,002127,南极电商,20081017,4.62,4.77,4.62,4.73,4.65,0.08,1.72,2938.66,1383.5546,138.35546,1.3835546,0.0138355459999999
002127.SZ,002127,南极电商,20081020,4.75,4.9,4.66,4.85,4.73,0.12,2.54,3398.72,1630.293,163.02929999999998,1.6302929999999998,0.0163029299999999
002127.SZ,002127,南极电商,20081021,4.85,4.94,4.75,4.81,4.85,-0.04,-0.82,4156.0,2014.5444,201.45444,2.0145444,0.020145444
002127.SZ,002127,南极电商,20081022,4.9,5.05,4.82,4.84,4.81,0.03,0.62,9169.44,4545.6768,454.56768,4.5456768,0.045456768
002127.SZ,002127,南极电商,20081023,4.8,4.8,4.56,4.71,4.84,-0.13,-2.69,7015.65,3260.5113,326.05113,3.2605113,0.032605113
002127.SZ,002127,南极电商,20081024,4.71,4.75,4.58,4.61,4.71,-0.1,-2.12,3782.6,1752.3945,175.23945,1.7523945,0.017523945
002127.SZ,002127,南极电商,20081027,4.52,4.53,4.15,4.15,4.61,-0.46,-9.98,4723.59,2026.2662,202.62662,2.0262662,0.020262662
002127.SZ,002127,南极电商,20081028,4.06,4.3,4.01,4.25,4.15,0.1,2.41,3684.78,1544.3911,154.43911,1.5443911,0.015443911
002127.SZ,002127,南极电商,20081029,4.28,4.36,4.1,4.1,4.25,-0.15,-3.53,2781.01,1173.18,117.318,1.17318,0.0117318
002127.SZ,002127,南极电商,20081030,4.12,4.24,4.05,4.11,4.1,0.01,0.24,2919.12,1206.2916,120.62916,1.2062916,0.012062916
002127.SZ,002127,南极电商,20081031,4.17,4.26,4.12,4.17,4.11,0.06,1.46,3180.84,1330.8422,133.08422000000002,1.3308422000000002,0.013308422
002127.SZ,002127,南极电商,20081103,4.16,4.2,4.01,4.15,4.17,-0.02,-0.48,2092.0,863.531,86.3531,0.8635309999999999,0.00863531
002127.SZ,002127,南极电商,20081104,4.1,4.23,4.1,4.19,4.15,0.04,0.96,3304.63,1379.5407,137.95407,1.3795407,0.0137954069999999
002127.SZ,002127,南极电商,20081105,4.27,4.37,4.2,4.3,4.19,0.11,2.63,4560.71,1962.8058,196.28058,1.9628058,0.019628058
002127.SZ,002127,南极电商,20081106,4.26,4.29,4.13,4.22,4.3,-0.08,-1.86,3065.01,1283.8859,128.38859,1.2838859,0.012838859
002127.SZ,002127,南极电商,20081107,4.21,4.64,4.21,4.64,4.22,0.42,9.95,15220.82,7013.6999,701.3699899999999,7.013699899999999,0.0701369989999999
002127.SZ,002127,南极电商,20081110,4.88,4.99,4.76,4.95,4.64,0.31,6.68,24960.13,12121.8748,1212.18748,12.1218748,0.121218748
002127.SZ,002127,南极电商,20081111,4.81,4.86,4.71,4.75,4.95,-0.2,-4.04,13074.54,6262.3659,626.23659,6.2623659,0.062623659
002127.SZ,002127,南极电商,20081112,4.69,4.84,4.68,4.78,4.75,0.03,0.63,7402.09,3534.6211,353.46211,3.5346211,0.0353462109999999
002127.SZ,002127,南极电商,20081113,4.71,5.05,4.71,4.94,4.78,0.16,3.35,16265.32,7958.7455,795.87455,7.9587455,0.079587455
002127.SZ,002127,南极电商,20081114,4.93,5.09,4.84,5.08,4.94,0.14,2.83,19551.92,9719.4066,971.94066,9.7194066,0.097194066
002127.SZ,002127,南极电商,20081117,5.09,5.25,4.98,5.21,5.08,0.13,2.56,18529.24,9484.1527,948.41527,9.4841527,0.094841527
002127.SZ,002127,南极电商,20081118,5.18,5.21,4.69,4.69,5.21,-0.52,-9.98,17057.72,8393.7468,839.3746800000001,8.3937468,0.083937468
002127.SZ,002127,南极电商,20081119,4.65,5.03,4.64,5.0,4.69,0.31,6.61,12905.05,6227.3954,622.73954,6.227395400000001,0.062273954
002127.SZ,002127,南极电商,20081120,5.24,5.5,5.24,5.5,5.0,0.5,10.0,44848.18,24403.2441,2440.32441,24.4032441,0.244032441
002127.SZ,002127,南极电商,20081121,5.3,5.53,4.95,5.17,5.5,-0.33,-6.0,29196.32,15034.2851,1503.42851,15.0342851,0.150342851
002127.SZ,002127,南极电商,20081124,5.18,5.18,4.82,4.86,5.17,-0.31,-6.0,11493.8,5707.3075,570.73075,5.7073075,0.057073075
002127.SZ,002127,南极电商,20081125,4.91,4.97,4.69,4.8,4.86,-0.06,-1.23,7340.98,3536.9602,353.69602,3.5369602,0.035369602
002127.SZ,002127,南极电商,20081126,4.8,4.88,4.75,4.82,4.8,0.02,0.42,5486.42,2639.7345,263.97345,2.6397345000000003,0.026397345
002127.SZ,002127,南极电商,20081127,5.15,5.2,4.84,4.84,4.82,0.02,0.41,12011.77,6013.7591,601.37591,6.0137591,0.060137591
002127.SZ,002127,南极电商,20081128,4.76,4.85,4.69,4.73,4.84,-0.11,-2.27,7593.8,3598.0068,359.80068,3.5980068,0.035980068
002127.SZ,002127,南极电商,20081201,4.74,5.03,4.72,5.0,4.73,0.27,5.71,9343.61,4570.8548,457.08548,4.5708548,0.045708548
002127.SZ,002127,南极电商,20081202,4.85,5.18,4.85,5.18,5.0,0.18,3.6,18383.39,9386.6852,938.66852,9.3866852,0.0938668519999999
002127.SZ,002127,南极电商,20081203,5.25,5.48,5.25,5.38,5.18,0.2,3.86,25523.37,13702.0448,1370.20448,13.7020448,0.137020448
002127.SZ,002127,南极电商,20081204,5.42,5.77,5.38,5.4,5.38,0.02,0.37,33677.78,18519.9239,1851.99239,18.5199239,0.185199239
002127.SZ,002127,南极电商,20081205,5.41,5.6,5.36,5.57,5.4,0.17,3.15,21532.3,11786.0365,1178.60365,11.7860365,0.117860365
002127.SZ,002127,南极电商,20081208,5.62,5.96,5.6,5.89,5.57,0.32,5.75,27731.9,16042.556,1604.2556,16.042556,0.16042556
002127.SZ,002127,南极电商,20081209,5.87,5.87,5.53,5.59,5.89,-0.3,-5.09,22899.5,13049.5966,1304.95966,13.0495966,0.130495966
002127.SZ,002127,南极电商,20081210,5.58,6.15,5.47,6.03,5.59,0.44,7.87,32173.72,18888.4833,1888.84833,18.8884833,0.188884833
002127.SZ,002127,南极电商,20081211,6.14,6.46,6.03,6.19,6.03,0.16,2.65,53276.92,33368.774,3336.8774,33.368774,0.33368774
002127.SZ,002127,南极电商,20081212,6.08,6.08,5.58,5.65,6.19,-0.54,-8.72,20551.69,11866.7451,1186.67451,11.8667451,0.118667451
002127.SZ,002127,南极电商,20081215,5.65,5.78,5.5,5.67,5.65,0.02,0.35,18019.52,10077.36,1007.736,10.07736,0.1007736
002127.SZ,002127,南极电商,20081216,5.6,6.14,5.42,6.03,5.67,0.36,6.35,15433.96,8804.5818,880.45818,8.8045818,0.088045818
002127.SZ,002127,南极电商,20081217,5.9,6.09,5.9,5.96,6.03,-0.07,-1.16,22327.54,13437.0707,1343.70707,13.4370707,0.134370707
002127.SZ,002127,南极电商,20081218,5.9,6.06,5.8,6.04,5.96,0.08,1.34,15107.46,8986.5442,898.6544200000001,8.9865442,0.089865442
002127.SZ,002127,南极电商,20081219,6.04,6.22,5.95,6.13,6.04,0.09,1.49,28005.31,17113.2906,1711.32906,17.1132906,0.171132906
002127.SZ,002127,南极电商,20081222,6.14,6.44,6.12,6.3,6.13,0.17,2.77,26205.75,16449.6609,1644.96609,16.449660899999998,0.164496609
002127.SZ,002127,南极电商,20081223,6.34,6.34,5.67,5.68,6.3,-0.62,-9.84,18495.66,11095.7113,1109.57113,11.0957113,0.110957113
002127.SZ,002127,南极电商,20081224,5.66,5.77,5.51,5.65,5.68,-0.03,-0.53,9874.24,5567.3003,556.7300299999999,5.567300299999999,0.0556730029999999
002127.SZ,002127,南极电商,20081225,5.77,5.78,5.5,5.58,5.65,-0.07,-1.24,7370.4,4161.2973,416.12973,4.1612973,0.041612973
002127.SZ,002127,南极电商,20081226,5.77,6.12,5.76,5.94,5.58,0.36,6.45,23252.5,13772.3785,1377.23785,13.7723785,0.137723785
002127.SZ,002127,南极电商,20081229,5.78,5.8,5.4,5.62,5.94,-0.32,-5.39,13242.95,7400.8178,740.08178,7.4008178,0.074008178
002127.SZ,002127,南极电商,20081230,5.58,5.75,5.53,5.69,5.62,0.07,1.25,7483.17,4251.4469,425.14469,4.2514469,0.0425144689999999
002127.SZ,002127,南极电商,20081231,5.74,5.78,5.55,5.6,5.69,-0.09,-1.58,8988.25,5092.5172,509.25172,5.0925172000000005,0.050925172
002127.SZ,002127,南极电商,20090105,5.65,5.89,5.65,5.88,5.6,0.28,5.0,14096.37,8198.683,819.8683000000001,8.198683,0.08198683
002127.SZ,002127,南极电商,20090106,5.88,6.02,5.75,6.0,5.88,0.12,2.04,14722.49,8707.2572,870.72572,8.7072572,0.087072572
002127.SZ,002127,南极电商,20090107,6.0,6.33,5.84,6.21,6.0,0.21,3.5,20914.29,12609.4853,1260.94853,12.6094853,0.126094853
002127.SZ,002127,南极电商,20090108,6.06,6.15,5.91,5.95,6.21,-0.26,-4.19,15375.44,9264.5739,926.45739,9.264573899999998,0.0926457389999999
002127.SZ,002127,南极电商,20090109,5.95,6.55,5.93,6.55,5.95,0.6,10.08,58646.13,37752.2241,3775.22241,37.7522241,0.377522241
002127.SZ,002127,南极电商,20090112,6.62,6.68,6.45,6.46,6.55,-0.09,-1.37,57958.3,37973.1476,3797.31476,37.9731476,0.3797314759999999
002127.SZ,002127,南极电商,20090113,6.3,6.36,6.06,6.1,6.46,-0.36,-5.57,26951.51,16685.9633,1668.59633,16.685963299999997,0.1668596329999999
002127.SZ,002127,南极电商,20090114,6.05,6.45,6.02,6.42,6.1,0.32,5.25,23304.98,14522.2555,1452.22555,14.522255499999998,0.1452225549999999
002127.SZ,002127,南极电商,20090115,6.36,6.5,6.25,6.32,6.42,-0.1,-1.56,25526.11,16284.7051,1628.47051,16.2847051,0.162847051
002127.SZ,002127,南极电商,20090116,6.32,6.43,6.23,6.23,6.32,-0.09,-1.42,15358.26,9742.3331,974.23331,9.7423331,0.097423331
002127.SZ,002127,南极电商,20090119,6.21,6.3,6.11,6.17,6.23,-0.06,-0.96,10643.61,6579.3816,657.9381599999999,6.5793816,0.0657938159999999
002127.SZ,002127,南极电商,20090120,6.17,6.34,6.16,6.3,6.17,0.13,2.11,7887.16,4946.9615,494.6961500000001,4.9469615000000005,0.049469615
002127.SZ,002127,南极电商,20090121,6.25,6.43,6.22,6.34,6.3,0.04,0.63,11099.84,7070.833,707.0833,7.070833,0.07070833
002127.SZ,002127,南极电商,20090122,6.37,6.37,6.23,6.3,6.34,-0.04,-0.63,8085.15,5089.377,508.93770000000006,5.089377000000001,0.05089377
002127.SZ,002127,南极电商,20090123,6.25,6.47,6.25,6.46,6.3,0.16,2.54,18067.5,11562.744,1156.2744,11.562744,0.11562744
002127.SZ,002127,南极电商,20090202,6.55,6.89,6.5,6.88,6.46,0.42,6.5,38932.59,26026.6262,2602.66262,26.0266262,0.2602662619999999
002127.SZ,002127,南极电商,20090203,6.88,7.09,6.8,6.86,6.88,-0.02,-0.29,37895.56,26274.2315,2627.42315,26.2742315,0.262742315
002127.SZ,002127,南极电商,20090204,6.87,6.95,6.81,6.9,6.86,0.04,0.58,20509.95,14068.2144,1406.8214400000002,14.068214400000002,0.140682144
002127.SZ,002127,南极电商,20090205,7.0,7.02,6.63,6.8,6.9,-0.1,-1.45,28574.83,19514.3266,1951.43266,19.5143266,0.195143266
002127.SZ,002127,南极电商,20090206,6.85,7.48,6.78,7.48,6.8,0.68,10.0,57293.61,41428.5322,4142.85322,41.4285322,0.414285322
002127.SZ,002127,南极电商,20090209,7.55,7.95,7.3,7.75,7.48,0.27,3.61,66754.89,51099.8881,5109.98881,51.0998881,0.510998881
002127.SZ,002127,南极电商,20090210,7.75,8.32,7.5,8.27,7.75,0.52,6.71,70168.08,55629.6197,5562.96197,55.629619700000006,0.5562961970000001
002127.SZ,002127,南极电商,20090211,8.0,8.61,7.82,8.33,8.27,0.06,0.73,66823.32,55406.4486,5540.64486,55.4064486,0.554064486
002127.SZ,002127,南极电商,20090212,8.39,8.57,7.98,8.3,8.33,-0.03,-0.36,44309.22,36877.5279,3687.75279,36.8775279,0.3687752789999999
002127.SZ,002127,南极电商,20090213,8.37,8.6,8.18,8.34,8.3,0.04,0.48,67412.6,56534.0696,5653.40696,56.5340696,0.565340696
002127.SZ,002127,南极电商,20090216,8.34,8.39,8.03,8.24,8.34,-0.1,-1.2,31537.03,25851.7203,2585.17203,25.8517203,0.258517203
002127.SZ,002127,南极电商,20090217,8.21,8.7,7.83,8.45,8.24,0.21,2.55,67890.84,56603.4375,5660.34375,56.6034375,0.566034375
002127.SZ,002127,南极电商,20090218,8.2,8.72,8.08,8.27,8.45,-0.18,-2.13,56340.48,48004.0285,4800.40285,48.0040285,0.480040285
002127.SZ,002127,南极电商,20090219,8.35,8.5,8.14,8.34,8.27,0.07,0.85,36349.5,30163.1277,3016.31277,30.1631277,0.301631277
002127.SZ,002127,南极电商,20090220,8.41,9.1,8.34,8.84,8.34,0.5,6.0,68153.98,59086.2807,5908.628070000001,59.0862807,0.590862807
002127.SZ,002127,南极电商,20090223,8.67,9.18,8.44,8.95,8.84,0.11,1.24,47864.21,41964.2602,4196.42602,41.9642602,0.419642602
002127.SZ,002127,南极电商,20090224,8.75,8.93,8.06,8.07,8.95,-0.88,-9.83,32342.45,27817.9615,2781.79615,27.817961500000003,0.278179615
002127.SZ,002127,南极电商,20090225,8.21,8.29,7.75,8.05,8.07,-0.02,-0.25,28840.68,22949.9196,2294.9919600000003,22.9499196,0.229499196
002127.SZ,002127,南极电商,20090226,8.1,8.2,7.25,7.31,8.05,-0.74,-9.19,23795.48,18508.5429,1850.85429,18.5085429,0.185085429
002127.SZ,002127,南极电商,20090227,7.28,7.28,6.58,6.59,7.31,-0.72,-9.85,23292.1,15825.2769,1582.52769,15.8252769,0.158252769
002127.SZ,002127,南极电商,20090302,6.58,6.9,6.58,6.8,6.59,0.21,3.19,13856.9,9411.999,941.1999,9.411999,0.09411999
002127.SZ,002127,南极电商,20090303,6.65,6.93,6.6,6.85,6.8,0.05,0.74,12558.62,8521.6571,852.16571,8.5216571,0.085216571
002127.SZ,002127,南极电商,20090304,6.9,7.32,6.85,7.25,6.85,0.4,5.84,23977.71,17133.8079,1713.38079,17.1338079,0.171338079
002127.SZ,002127,南极电商,20090305,7.38,7.42,7.07,7.38,7.25,0.13,1.79,25825.28,18741.2201,1874.12201,18.7412201,0.187412201
002127.SZ,002127,南极电商,20090306,7.2,7.63,7.15,7.6,7.38,0.22,2.98,18803.82,13907.4922,1390.7492200000002,13.907492200000002,0.139074922
002127.SZ,002127,南极电商,20090309,7.79,8.25,7.7,8.02,7.6,0.42,5.53,60479.23,48394.4755,4839.44755,48.3944755,0.483944755
002127.SZ,002127,南极电商,20090310,7.98,8.12,7.66,7.9,8.02,-0.12,-1.5,29580.86,23372.0782,2337.20782,23.3720782,0.233720782
002127.SZ,002127,南极电商,20090311,7.98,8.46,7.76,8.35,7.9,0.45,5.7,58251.86,47393.397,4739.3397,47.39339699999999,0.4739339699999999
002127.SZ,002127,南极电商,20090312,8.34,8.34,7.73,8.09,8.35,-0.26,-3.11,31688.65,25514.9835,2551.49835,25.5149835,0.255149835
002127.SZ,002127,南极电商,20090313,8.1,8.1,7.68,7.68,8.09,-0.41,-5.07,21210.19,16615.6458,1661.5645799999998,16.615645799999996,0.1661564579999999
002127.SZ,002127,南极电商,20090316,7.5,7.77,7.35,7.63,7.68,-0.05,-0.65,17766.65,13407.9013,1340.79013,13.4079013,0.134079013
002127.SZ,002127,南极电商,20090317,7.56,7.96,7.55,7.94,7.63,0.31,4.06,21015.48,16282.6183,1628.26183,16.2826183,0.1628261829999999
002127.SZ,002127,南极电商,20090318,8.02,8.15,7.88,8.1,7.94,0.16,2.02,33655.97,26996.5497,2699.65497,26.9965497,0.269965497
002127.SZ,002127,南极电商,20090319,8.03,8.39,8.03,8.24,8.1,0.14,1.73,38563.05,31809.7829,3180.97829,31.8097829,0.318097829
002127.SZ,002127,南极电商,20090320,8.22,8.22,7.85,7.95,8.24,-0.29,-3.52,24121.44,19316.5047,1931.65047,19.3165047,0.193165047
002127.SZ,002127,南极电商,20090323,7.95,8.02,7.86,7.97,7.95,0.02,0.25,18803.88,14974.2504,1497.42504,14.9742504,0.149742504
002127.SZ,002127,南极电商,20090324,8.0,8.2,7.92,8.14,7.97,0.17,2.13,21574.14,17377.5095,1737.75095,17.377509500000002,0.173775095
002127.SZ,002127,南极电商,20090325,8.12,8.49,8.05,8.29,8.14,0.15,1.84,52472.73,43808.319,4380.8319,43.808319,0.43808319
002127.SZ,002127,南极电商,20090326,8.31,8.94,8.31,8.75,8.29,0.46,5.55,85294.14,72860.5963,7286.059630000001,72.86059630000001,0.7286059630000001
002127.SZ,002127,南极电商,20090327,8.68,8.68,8.44,8.51,8.75,-0.24,-2.74,45744.4,39016.919,3901.6919,39.016919,0.39016919
002127.SZ,002127,南极电商,20090330,8.4,8.51,8.3,8.33,8.51,-0.18,-2.12,22407.12,18782.7942,1878.27942,18.7827942,0.187827942
002127.SZ,002127,南极电商,20090331,8.21,8.58,8.06,8.58,8.33,0.25,3.0,22321.8,18478.3854,1847.83854,18.4783854,0.184783854
002127.SZ,002127,南极电商,20090401,8.52,8.6,8.45,8.48,8.58,-0.1,-1.17,24582.58,20910.5221,2091.05221,20.9105221,0.2091052209999999
002127.SZ,002127,南极电商,20090402,8.5,8.57,8.34,8.34,8.48,-0.14,-1.65,22735.34,19162.4971,1916.24971,19.1624971,0.191624971
002127.SZ,002127,南极电商,20090403,8.34,8.48,8.22,8.28,8.34,-0.06,-0.72,18331.05,15273.4211,1527.34211,15.2734211,0.152734211
002127.SZ,002127,南极电商,20090407,8.27,8.45,8.23,8.45,8.28,0.17,2.05,13555.67,11320.7641,1132.07641,11.320764100000002,0.113207641
002127.SZ,002127,南极电商,20090408,8.44,8.45,8.08,8.09,8.45,-0.36,-4.26,17731.67,14739.9247,1473.99247,14.7399247,0.1473992469999999
002127.SZ,002127,南极电商,20090409,8.01,8.15,7.96,8.14,8.09,0.05,0.62,14728.73,11885.4296,1188.54296,11.8854296,0.118854296
002127.SZ,002127,南极电商,20090410,8.3,8.34,8.18,8.29,8.14,0.15,1.84,17703.98,14638.249,1463.8249,14.638249,0.14638249
002127.SZ,002127,南极电商,20090413,8.54,8.84,8.5,8.55,8.29,0.26,3.14,51621.45,44828.4308,4482.843080000001,44.82843080000001,0.4482843080000001
002127.SZ,002127,南极电商,20090414,8.46,8.74,8.45,8.74,8.55,0.19,2.22,42328.22,36547.77,3654.777,36.54776999999999,0.3654776999999999
002127.SZ,002127,南极电商,20090415,8.75,9.08,8.7,9.01,8.74,0.27,3.09,51714.26,46123.5104,4612.35104,46.1235104,0.4612351039999999
002127.SZ,002127,南极电商,20090416,9.1,9.2,8.7,8.83,9.01,-0.18,-2.0,30623.39,27198.9618,2719.89618,27.198961800000003,0.271989618
002127.SZ,002127,南极电商,20090417,8.75,9.41,8.53,9.32,8.83,0.49,5.55,65309.71,59428.0803,5942.80803,59.428080300000005,0.5942808030000001
002127.SZ,002127,南极电商,20090420,9.37,10.25,9.36,10.0,9.32,0.68,7.3,100563.58,98781.502,9878.1502,98.781502,0.98781502
002127.SZ,002127,南极电商,20090421,9.66,10.2,9.51,9.71,10.0,-0.29,-2.9,48925.6,47690.5809,4769.05809,47.69058090000001,0.476905809
002127.SZ,002127,南极电商,20090422,9.9,9.96,8.95,9.05,9.71,-0.66,-6.8,42129.01,39518.3453,3951.83453,39.5183453,0.395183453
002127.SZ,002127,南极电商,20090423,8.86,9.25,8.72,9.12,9.05,0.07,0.77,26112.92,23352.034,2335.2034,23.352034,0.23352034
002127.SZ,002127,南极电商,20090424,9.09,9.79,9.03,9.53,9.12,0.41,4.5,43862.91,41543.7106,4154.37106,41.5437106,0.4154371059999999
002127.SZ,002127,南极电商,20090427,9.38,9.74,9.2,9.6,9.53,0.07,0.73,39685.02,37577.7789,3757.77789,37.5777789,0.375777789
002127.SZ,002127,南极电商,20090428,9.56,9.89,9.21,9.76,9.6,0.16,1.67,64613.85,62468.6365,6246.86365,62.4686365,0.6246863650000001
002127.SZ,002127,南极电商,20090429,9.6,9.91,9.52,9.88,9.76,0.12,1.23,41546.22,40452.5551,4045.25551,40.4525551,0.404525551
002127.SZ,002127,南极电商,20090430,9.92,9.96,9.65,9.72,9.88,-0.16,-1.62,31384.42,30785.4815,3078.54815,30.7854815,0.307854815
002127.SZ,002127,南极电商,20090504,9.72,9.94,9.61,9.82,9.72,0.1,1.03,31776.7,31141.9994,3114.19994,31.1419994,0.311419994
002127.SZ,002127,南极电商,20090505,9.8,9.89,9.51,9.63,9.82,-0.19,-1.93,29538.91,28540.6232,2854.06232,28.5406232,0.285406232
002127.SZ,002127,南极电商,20090506,9.63,10.17,9.57,10.02,9.63,0.39,4.05,42787.71,42323.2991,4232.32991,42.32329909999999,0.4232329909999999
002127.SZ,002127,南极电商,20090507,10.0,10.01,9.5,9.8,10.02,-0.22,-2.2,28077.72,27437.616,2743.7616000000003,27.437616,0.27437616
002127.SZ,002127,南极电商,20090508,9.71,10.01,9.7,9.85,9.8,0.05,0.51,33911.9,33539.6767,3353.9676700000005,33.5396767,0.335396767
002127.SZ,002127,南极电商,20090511,9.86,10.1,9.45,9.85,9.85,0.0,0.0,47214.13,46199.8063,4619.98063,46.1998063,0.461998063
002127.SZ,002127,南极电商,20090512,9.7,10.06,9.58,10.06,9.85,0.21,2.13,27157.88,26583.0952,2658.30952,26.5830952,0.265830952
002127.SZ,002127,南极电商,20090513,10.0,10.59,9.91,10.3,10.06,0.24,2.39,62863.91,65115.406,6511.5406,65.11540600000001,0.6511540600000001
002127.SZ,002127,南极电商,20090514,9.99,10.15,9.91,10.07,10.3,-0.23,-2.23,28257.47,28295.41,2829.541,28.29541,0.2829541
002127.SZ,002127,南极电商,20090515,10.07,10.25,9.89,9.98,10.07,-0.09,-0.89,22421.01,22426.7488,2242.67488,22.4267488,0.224267488
002127.SZ,002127,南极电商,20090518,9.92,9.95,9.68,9.88,9.98,-0.1,-1.0,15947.94,15634.703,1563.4703,15.634703,0.15634703
002127.SZ,002127,南极电商,20090519,9.9,10.05,9.82,9.87,9.88,-0.01,-0.1,20330.3,20113.9184,2011.39184,20.1139184,0.201139184
002127.SZ,002127,南极电商,20090520,9.9,9.9,9.68,9.68,9.87,-0.19,-1.93,23302.92,22705.2718,2270.52718,22.7052718,0.227052718
002127.SZ,002127,南极电商,20090521,9.71,9.8,9.6,9.72,9.68,0.04,0.41,17345.56,16813.2045,1681.32045,16.813204499999998,0.1681320449999999
002127.SZ,002127,南极电商,20090522,9.66,9.86,9.61,9.8,9.72,0.08,0.82,15310.71,14957.2143,1495.72143,14.9572143,0.149572143
002127.SZ,002127,南极电商,20090525,9.8,9.95,9.6,9.94,9.8,0.14,1.43,19052.62,18614.6588,1861.46588,18.6146588,0.186146588
002127.SZ,002127,南极电商,20090526,9.97,10.15,9.9,9.91,9.94,-0.03,-0.3,28460.92,28596.8454,2859.68454,28.5968454,0.285968454
002127.SZ,002127,南极电商,20090527,9.86,10.02,9.7,9.77,9.91,-0.14,-1.41,15176.05,14883.2968,1488.32968,14.8832968,0.148832968
002127.SZ,002127,南极电商,20090601,9.81,9.9,9.76,9.83,9.77,0.06,0.61,13148.05,12920.7509,1292.0750899999998,12.920750899999998,0.1292075089999999
002127.SZ,002127,南极电商,20090602,9.86,9.99,9.81,9.92,9.83,0.09,0.92,16269.37,16150.437,1615.0437,16.150437,0.16150437
002127.SZ,002127,南极电商,20090603,9.94,10.08,9.92,9.96,9.92,0.04,0.4,17736.69,17718.4087,1771.84087,17.7184087,0.177184087
002127.SZ,002127,南极电商,20090604,10.03,10.06,9.7,9.83,9.96,-0.13,-1.31,17384.34,17084.0472,1708.40472,17.0840472,0.170840472
002127.SZ,002127,南极电商,20090605,9.83,10.25,9.75,9.99,9.83,0.16,1.63,24764.5,24798.94,2479.894,24.79894,0.2479893999999999
002127.SZ,002127,南极电商,20090609,9.95,10.45,9.8,10.31,9.99,0.32,3.2,41648.23,42423.4282,4242.34282,42.4234282,0.4242342819999999
002127.SZ,002127,南极电商,20090610,10.47,10.47,10.13,10.21,10.31,-0.1,-0.97,20624.71,21051.6527,2105.16527,21.0516527,0.2105165269999999
002127.SZ,002127,南极电商,20090611,10.21,10.4,9.93,9.98,10.21,-0.23,-2.25,19059.51,19333.1592,1933.31592,19.3331592,0.1933315919999999
002127.SZ,002127,南极电商,20090612,10.05,10.27,9.95,10.22,9.98,0.24,2.4,32943.61,33412.2818,3341.22818,33.412281799999995,0.3341228179999999
002127.SZ,002127,南极电商,20090615,10.3,10.72,10.15,10.61,10.22,0.39,3.82,60070.2,63314.5646,6331.456459999999,63.3145646,0.633145646
002127.SZ,002127,南极电商,20090616,10.63,10.99,10.4,10.48,10.61,-0.13,-1.23,56835.35,61009.2967,6100.92967,61.00929669999999,0.6100929669999999
002127.SZ,002127,南极电商,20090617,10.28,10.48,10.1,10.35,10.48,-0.13,-1.24,24436.24,25033.6936,2503.36936,25.0336936,0.2503369359999999
002127.SZ,002127,南极电商,20090618,10.34,10.38,10.18,10.25,10.35,-0.1,-0.97,20320.94,20827.6099,2082.76099,20.8276099,0.208276099
002127.SZ,002127,南极电商,20090619,10.3,10.36,10.11,10.25,10.25,0.0,0.0,26198.83,26704.1817,2670.41817,26.7041817,0.267041817
002127.SZ,002127,南极电商,20090622,8.54,8.54,8.17,8.21,8.46,-0.25,-2.96,19512.71,16219.5737,1621.95737,16.2195737,0.162195737
002127.SZ,002127,南极电商,20090623,8.15,8.27,8.05,8.16,8.21,-0.05,-0.61,13000.32,10614.9466,1061.4946599999998,10.614946599999998,0.1061494659999999
002127.SZ,002127,南极电商,20090624,8.18,8.37,8.1,8.36,8.16,0.2,2.45,17625.87,14589.0544,1458.90544,14.5890544,0.145890544
002127.SZ,002127,南极电商,20090625,8.38,8.48,8.23,8.28,8.36,-0.08,-0.96,13090.28,10879.3172,1087.93172,10.8793172,0.108793172
002127.SZ,002127,南极电商,20090626,8.3,8.78,8.23,8.65,8.28,0.37,4.47,54596.19,46737.4484,4673.74484,46.737448400000005,0.467374484
002127.SZ,002127,南极电商,20090629,8.59,8.59,8.32,8.43,8.65,-0.22,-2.54,27099.73,22838.1144,2283.81144,22.8381144,0.2283811439999999
002127.SZ,002127,南极电商,20090630,8.39,8.41,8.18,8.22,8.43,-0.21,-2.49,19217.64,15879.6897,1587.96897,15.879689700000002,0.158796897
002127.SZ,002127,南极电商,20090701,8.22,8.3,8.18,8.26,8.22,0.04,0.49,10368.74,8549.4937,854.94937,8.549493700000001,0.085494937
002127.SZ,002127,南极电商,20090702,8.3,8.54,8.25,8.51,8.26,0.25,3.03,34272.09,28887.4972,2888.7497200000003,28.8874972,0.288874972
002127.SZ,002127,南极电商,20090703,8.46,8.46,8.33,8.38,8.51,-0.13,-1.53,30956.61,25930.8632,2593.08632,25.9308632,0.259308632
002127.SZ,002127,南极电商,20090706,8.32,8.38,8.2,8.25,8.38,-0.13,-1.55,22205.28,18302.7716,1830.27716,18.3027716,0.183027716
002127.SZ,002127,南极电商,20090707,8.25,8.32,8.2,8.27,8.25,0.02,0.24,15831.35,13114.0792,1311.40792,13.1140792,0.131140792
002127.SZ,002127,南极电商,20090708,8.26,8.33,8.23,8.31,8.27,0.04,0.48,12795.43,10596.3247,1059.63247,10.5963247,0.105963247
002127.SZ,002127,南极电商,20090709,8.32,8.49,8.27,8.49,8.31,0.18,2.17,27177.39,22864.3993,2286.43993,22.8643993,0.228643993
002127.SZ,002127,南极电商,20090710,8.51,8.58,8.42,8.52,8.49,0.03,0.35,34832.1,29629.8475,2962.98475,29.6298475,0.296298475
002127.SZ,002127,南极电商,20090713,8.52,8.64,8.49,8.55,8.52,0.03,0.35,29450.07,25225.3013,2522.53013,25.2253013,0.252253013
002127.SZ,002127,南极电商,20090714,8.56,9.36,8.53,9.1,8.55,0.55,6.43,81492.96,72436.428,7243.6428,72.43642799999999,0.72436428
002127.SZ,002127,南极电商,20090715,9.0,9.1,8.89,8.99,9.1,-0.11,-1.21,52525.37,47121.9301,4712.19301,47.1219301,0.471219301
002127.SZ,002127,南极电商,20090716,8.89,9.08,8.81,8.89,8.99,-0.1,-1.11,36185.26,32415.1473,3241.51473,32.4151473,0.324151473
002127.SZ,002127,南极电商,20090717,8.89,8.9,8.7,8.9,8.89,0.01,0.11,30288.27,26650.9774,2665.09774,26.6509774,0.266509774
002127.SZ,002127,南极电商,20090720,8.91,9.11,8.91,8.95,8.9,0.05,0.56,34450.37,30973.0278,3097.30278,30.9730278,0.309730278
002127.SZ,002127,南极电商,20090721,8.95,9.1,8.66,8.7,8.95,-0.25,-2.79,25953.84,23082.7832,2308.2783200000003,23.082783200000005,0.230827832
002127.SZ,002127,南极电商,20090722,8.63,8.93,8.61,8.93,8.7,0.23,2.64,20977.6,18453.9278,1845.39278,18.4539278,0.184539278
002127.SZ,002127,南极电商,20090723,8.86,9.06,8.79,8.87,8.93,-0.06,-0.67,14421.45,12765.0759,1276.50759,12.7650759,0.127650759
002127.SZ,002127,南极电商,20090724,8.87,8.91,8.61,8.68,8.87,-0.19,-2.14,20038.24,17562.5677,1756.25677,17.5625677,0.1756256769999999
002127.SZ,002127,南极电商,20090727,8.7,8.79,8.69,8.75,8.68,0.07,0.81,18234.75,15950.544,1595.0544,15.950544,0.15950544
002127.SZ,002127,南极电商,20090728,8.77,9.05,8.77,8.96,8.75,0.21,2.4,36152.6,32319.2945,3231.92945,32.3192945,0.3231929449999999
002127.SZ,002127,南极电商,20090729,8.96,9.01,8.11,8.36,8.96,-0.6,-6.7,28429.96,24806.7517,2480.67517,24.8067517,0.248067517
002127.SZ,002127,南极电商,20090730,8.4,8.54,8.13,8.37,8.36,0.01,0.12,20886.52,17384.2899,1738.42899,17.3842899,0.173842899
002127.SZ,002127,南极电商,20090731,8.4,8.67,8.35,8.64,8.37,0.27,3.23,21363.97,18226.8773,1822.68773,18.2268773,0.182268773
002127.SZ,002127,南极电商,20090803,8.64,8.93,8.63,8.86,8.64,0.22,2.55,24251.62,21419.6146,2141.96146,21.4196146,0.214196146
002127.SZ,002127,南极电商,20090804,8.89,8.94,8.72,8.86,8.86,0.0,0.0,25733.7,22766.9445,2276.69445,22.7669445,0.227669445
002127.SZ,002127,南极电商,20090805,8.87,9.09,8.83,9.0,8.86,0.14,1.58,28965.36,25930.7666,2593.07666,25.9307666,0.259307666
002127.SZ,002127,南极电商,20090806,8.88,9.25,8.8,9.18,9.0,0.18,2.0,46934.56,42532.3266,4253.23266,42.5323266,0.425323266
002127.SZ,002127,南极电商,20090807,9.08,9.47,9.02,9.39,9.18,0.21,2.29,71429.87,66019.1568,6601.91568,66.0191568,0.660191568
002127.SZ,002127,南极电商,20090810,9.43,10.1,9.4,9.59,9.39,0.2,2.13,121143.32,116627.0079,11662.70079,116.6270079,1.166270079
002127.SZ,002127,南极电商,20090811,9.5,9.93,9.24,9.8,9.59,0.21,2.19,83049.08,80374.0805,8037.40805,80.3740805,0.803740805
002127.SZ,002127,南极电商,20090812,9.68,9.68,9.02,9.1,9.8,-0.7,-7.14,43708.47,40765.2494,4076.52494,40.7652494,0.407652494
002127.SZ,002127,南极电商,20090813,9.07,9.2,8.8,8.96,9.1,-0.14,-1.54,26965.95,24225.8111,2422.58111,24.2258111,0.242258111
002127.SZ,002127,南极电商,20090814,8.83,8.97,8.33,8.34,8.96,-0.62,-6.92,33028.38,28272.3467,2827.23467,28.2723467,0.282723467
002127.SZ,002127,南极电商,20090817,8.23,8.3,7.52,7.52,8.34,-0.82,-9.83,24856.16,19606.6357,1960.66357,19.6066357,0.1960663569999999
002127.SZ,002127,南极电商,20090818,7.42,7.83,7.42,7.75,7.52,0.23,3.06,14551.1,11125.9721,1112.59721,11.125972100000002,0.111259721
002127.SZ,002127,南极电商,20090819,7.75,7.91,7.38,7.47,7.75,-0.28,-3.61,21762.63,16682.5628,1668.25628,16.6825628,0.166825628
002127.SZ,002127,南极电商,20090820,7.48,7.83,7.48,7.76,7.47,0.29,3.88,17012.68,13015.2872,1301.52872,13.0152872,0.130152872
002127.SZ,002127,南极电商,20090821,7.76,7.93,7.66,7.91,7.76,0.15,1.93,19185.01,14997.9237,1499.79237,14.9979237,0.149979237
002127.SZ,002127,南极电商,20090824,7.98,8.07,7.84,8.04,7.91,0.13,1.64,20999.59,16706.0376,1670.60376,16.7060376,0.1670603759999999
002127.SZ,002127,南极电商,20090825,8.04,8.05,7.61,7.82,8.04,-0.22,-2.74,17965.0,13991.2451,1399.12451,13.9912451,0.139912451
002127.SZ,002127,南极电商,20090826,7.85,8.32,7.76,8.26,7.82,0.44,5.63,28513.71,23143.0456,2314.30456,23.1430456,0.231430456
002127.SZ,002127,南极电商,20090827,8.24,8.39,8.12,8.33,8.26,0.07,0.85,32788.09,27157.8966,2715.78966,27.1578966,0.271578966
002127.SZ,002127,南极电商,20090828,8.34,8.43,8.09,8.35,8.33,0.02,0.24,23576.27,19405.5689,1940.55689,19.4055689,0.1940556889999999
002127.SZ,002127,南极电商,20090831,8.27,8.58,8.2,8.42,8.35,0.07,0.84,44242.19,37241.9274,3724.19274,37.2419274,0.372419274
002127.SZ,002127,南极电商,20090901,8.26,8.72,8.0,8.6,8.42,0.18,2.14,41270.4,34861.855,3486.1855000000005,34.861855000000006,0.3486185500000001
002127.SZ,002127,南极电商,20090902,8.55,8.74,8.36,8.42,8.6,-0.18,-2.09,26396.29,22526.981,2252.6981,22.526981,0.22526981
002127.SZ,002127,南极电商,20090903,8.33,8.99,8.33,8.82,8.42,0.4,4.75,48013.22,41681.0387,4168.10387,41.6810387,0.416810387
002127.SZ,002127,南极电商,20090904,8.77,8.82,8.58,8.63,8.82,-0.19,-2.15,31597.45,27462.0867,2746.20867,27.4620867,0.274620867
002127.SZ,002127,南极电商,20090907,8.62,8.75,8.53,8.58,8.63,-0.05,-0.58,28068.82,24285.2069,2428.5206900000003,24.2852069,0.242852069
002127.SZ,002127,南极电商,20090908,8.58,8.7,8.43,8.69,8.58,0.11,1.28,26995.83,23084.648,2308.4648,23.084648,0.23084648
002127.SZ,002127,南极电商,20090909,8.67,9.0,8.56,9.0,8.69,0.31,3.57,43836.96,38577.4863,3857.74863,38.5774863,0.3857748629999999
002127.SZ,002127,南极电商,20090910,8.9,8.96,8.74,8.74,9.0,-0.26,-2.89,23150.52,20473.9617,2047.39617,20.4739617,0.204739617
002127.SZ,002127,南极电商,20090911,8.71,9.0,8.62,8.73,8.74,-0.01,-0.11,23400.85,20667.5786,2066.75786,20.6675786,0.206675786
002127.SZ,002127,南极电商,20090915,8.91,9.0,8.79,8.94,8.73,0.21,2.41,32775.86,29181.1328,2918.11328,29.1811328,0.291811328
002127.SZ,002127,南极电商,20090916,8.85,9.08,8.69,8.92,8.94,-0.02,-0.22,30205.74,26743.0583,2674.30583,26.7430583,0.267430583
002127.SZ,002127,南极电商,20090917,8.86,9.32,8.86,9.1,8.92,0.18,2.02,44699.47,40750.1112,4075.01112,40.7501112,0.407501112
002127.SZ,002127,南极电商,20090918,9.06,9.25,8.83,9.03,9.1,-0.07,-0.77,31653.26,28704.5821,2870.45821,28.7045821,0.287045821
002127.SZ,002127,南极电商,20090921,9.03,9.1,8.69,9.05,9.03,0.02,0.22,21369.11,19080.7056,1908.07056,19.0807056,0.190807056
002127.SZ,002127,南极电商,20090922,9.04,9.11,8.78,8.8,9.05,-0.25,-2.76,15443.12,13843.4567,1384.3456700000002,13.8434567,0.138434567
002127.SZ,002127,南极电商,20090923,8.78,8.96,8.6,8.82,8.8,0.02,0.23,20288.84,17702.65,1770.265,17.702650000000002,0.1770265
002127.SZ,002127,南极电商,20090924,8.65,9.17,8.65,9.03,8.82,0.21,2.38,48229.5,43436.7325,4343.67325,43.4367325,0.4343673249999999
002127.SZ,002127,南极电商,20090925,9.02,9.59,8.81,9.3,9.03,0.27,2.99,77098.81,71758.7148,7175.87148,71.75871479999999,0.7175871479999999
002127.SZ,002127,南极电商,20090928,9.6,10.23,9.6,9.8,9.3,0.5,5.38,172046.63,170848.8499,17084.88499,170.84884989999998,1.7084884989999998
002127.SZ,002127,南极电商,20090929,9.31,9.55,8.82,8.82,9.8,-0.98,-10.0,68575.9,61179.9269,6117.99269,61.1799269,0.611799269
002127.SZ,002127,南极电商,20090930,8.4,8.99,8.38,8.57,8.82,-0.25,-2.83,42268.09,36728.3418,3672.83418,36.7283418,0.367283418
002127.SZ,002127,南极电商,20091009,8.53,8.88,8.53,8.82,8.57,0.25,2.92,28665.19,25068.3662,2506.83662,25.0683662,0.250683662
002127.SZ,002127,南极电商,20091012,8.89,9.17,8.87,9.0,8.82,0.18,2.04,35768.99,32301.4118,3230.14118,32.301411800000004,0.323014118
002127.SZ,002127,南极电商,20091013,9.01,9.49,8.93,9.41,9.0,0.41,4.56,47340.02,43544.9539,4354.49539,43.5449539,0.435449539
002127.SZ,002127,南极电商,20091014,9.52,9.82,9.36,9.41,9.41,0.0,0.0,92225.66,88466.2841,8846.628410000001,88.46628410000001,0.8846628410000001
002127.SZ,002127,南极电商,20091015,9.39,9.49,9.24,9.38,9.41,-0.03,-0.32,42340.58,39624.9157,3962.49157,39.6249157,0.3962491569999999
002127.SZ,002127,南极电商,20091016,9.38,9.45,9.2,9.45,9.38,0.07,0.75,35295.45,32892.1537,3289.2153700000003,32.8921537,0.328921537
002127.SZ,002127,南极电商,20091019,9.45,9.74,9.45,9.67,9.45,0.22,2.33,48470.36,46724.3036,4672.43036,46.724303600000006,0.467243036
002127.SZ,002127,南极电商,20091020,9.68,10.0,9.51,10.0,9.67,0.33,3.41,77021.66,75107.1759,7510.71759,75.1071759,0.751071759
002127.SZ,002127,南极电商,20091021,9.99,9.99,9.73,9.85,10.0,-0.15,-1.5,52954.44,52271.4492,5227.144920000001,52.271449200000006,0.5227144920000001
002127.SZ,002127,南极电商,20091022,9.82,10.05,9.76,9.93,9.85,0.08,0.81,58773.03,58396.6386,5839.66386,58.3966386,0.583966386
002127.SZ,002127,南极电商,20091023,9.94,10.92,9.91,10.92,9.93,0.99,9.97,153165.11,162901.4132,16290.14132,162.9014132,1.629014132
002127.SZ,002127,南极电商,20091027,11.8,11.8,10.9,11.2,10.92,0.28,2.56,173285.82,196632.5884,19663.25884,196.63258840000003,1.9663258840000004
002127.SZ,002127,南极电商,20091028,11.0,11.45,10.92,11.4,11.2,0.2,1.79,83806.58,94375.8233,9437.58233,94.3758233,0.943758233
002127.SZ,002127,南极电商,20091029,11.31,11.56,11.2,11.38,11.4,-0.02,-0.18,61463.92,70034.8094,7003.48094,70.0348094,0.700348094
002127.SZ,002127,南极电商,20091030,11.54,12.52,11.25,11.7,11.38,0.32,2.81,134722.9,157094.5384,15709.453839999998,157.09453839999998,1.5709453839999998
002127.SZ,002127,南极电商,20091102,11.6,11.98,11.31,11.75,11.7,0.05,0.43,90385.82,106252.6617,10625.26617,106.2526617,1.0625266169999998
002127.SZ,002127,南极电商,20091103,11.65,12.24,11.58,11.88,11.75,0.13,1.11,107988.5,127717.2117,12771.72117,127.7172117,1.277172117
002127.SZ,002127,南极电商,20091104,11.95,11.95,11.4,11.49,11.88,-0.39,-3.28,86517.71,100693.9695,10069.39695,100.6939695,1.006939695
002127.SZ,002127,南极电商,20091105,11.35,11.56,11.29,11.46,11.49,-0.03,-0.26,52782.1,60261.5417,6026.15417,60.2615417,0.602615417
002127.SZ,002127,南极电商,20091106,11.56,11.9,11.46,11.5,11.46,0.04,0.35,73120.52,85134.2165,8513.42165,85.13421650000001,0.851342165
002127.SZ,002127,南极电商,20091109,11.48,11.48,11.1,11.43,11.5,-0.07,-0.61,35041.02,39624.0834,3962.40834,39.6240834,0.396240834
002127.SZ,002127,南极电商,20091110,11.4,11.78,11.39,11.53,11.43,0.1,0.87,49495.22,57275.7051,5727.57051,57.2757051,0.572757051
002127.SZ,002127,南极电商,20091111,11.53,11.76,11.41,11.73,11.53,0.2,1.73,56193.4,65278.2126,6527.82126,65.2782126,0.6527821260000001
002127.SZ,002127,南极电商,20091112,11.74,11.85,11.5,11.52,11.73,-0.21,-1.79,56741.72,66180.6218,6618.062179999999,66.18062179999998,0.6618062179999998
002127.SZ,002127,南极电商,20091113,11.52,11.52,11.27,11.5,11.52,-0.02,-0.17,36532.67,41568.461,4156.846100000001,41.568461000000006,0.41568461
002127.SZ,002127,南极电商,20091116,11.5,11.78,11.5,11.78,11.5,0.28,2.43,65804.48,76746.2164,7674.62164,76.74621640000001,0.7674621640000001
002127.SZ,002127,南极电商,20091117,11.83,12.19,11.65,12.19,11.78,0.41,3.48,83976.28,99795.2616,9979.52616,99.7952616,0.9979526159999998
002127.SZ,002127,南极电商,20091118,12.1,12.17,11.9,11.93,12.19,-0.26,-2.13,59376.58,71288.2956,7128.82956,71.2882956,0.712882956
002127.SZ,002127,南极电商,20091119,11.9,12.19,11.75,12.03,11.93,0.1,0.84,70598.6,84581.3005,8458.13005,84.5813005,0.845813005
002127.SZ,002127,南极电商,20091123,12.03,12.48,11.8,12.43,12.03,0.4,3.33,85361.35,104106.6504,10410.66504,104.1066504,1.041066504
002127.SZ,002127,南极电商,20091124,12.43,12.58,11.53,11.6,12.43,-0.83,-6.68,81345.36,99413.14,9941.314,99.41314,0.9941314
002127.SZ,002127,南极电商,20091125,11.52,11.8,11.15,11.69,11.6,0.09,0.78,42485.83,48896.5696,4889.65696,48.8965696,0.488965696
002127.SZ,002127,南极电商,20091126,11.6,11.7,10.6,10.81,11.69,-0.88,-7.53,45067.56,50351.7047,5035.17047,50.3517047,0.503517047
002127.SZ,002127,南极电商,20091127,10.67,11.17,10.56,10.76,10.81,-0.05,-0.46,29587.31,32306.732,3230.6732,32.306732000000004,0.32306732
002127.SZ,002127,南极电商,20091130,10.83,11.09,10.82,11.09,10.76,0.33,3.07,22931.79,25136.4036,2513.6403600000003,25.136403600000005,0.251364036
002127.SZ,002127,南极电商,20091201,11.04,11.27,11.04,11.26,11.09,0.17,1.53,23071.11,25768.4185,2576.84185,25.7684185,0.257684185
002127.SZ,002127,南极电商,20091202,11.26,11.57,11.22,11.49,11.26,0.23,2.04,36546.27,41658.7771,4165.87771,41.6587771,0.4165877709999999
002127.SZ,002127,南极电商,20091203,11.53,11.88,11.34,11.74,11.49,0.25,2.18,39579.82,45693.7841,4569.378409999999,45.6937841,0.4569378409999999
002127.SZ,002127,南极电商,20091204,11.68,11.79,11.01,11.33,11.74,-0.41,-3.49,37193.36,42662.4839,4266.24839,42.6624839,0.426624839
002127.SZ,002127,南极电商,20091207,11.33,11.58,11.13,11.55,11.33,0.22,1.94,20892.83,23787.0371,2378.70371,23.787037100000003,0.237870371
002127.SZ,002127,南极电商,20091208,11.5,11.55,11.3,11.43,11.55,-0.12,-1.04,22410.5,25675.2615,2567.52615,25.6752615,0.256752615
002127.SZ,002127,南极电商,20091209,11.37,11.48,11.16,11.2,11.43,-0.23,-2.01,16964.05,19239.8714,1923.98714,19.2398714,0.1923987139999999
002127.SZ,002127,南极电商,20091210,11.42,11.48,11.25,11.45,11.2,0.25,2.23,23910.07,27241.705,2724.1705,27.241705000000003,0.27241705
002127.SZ,002127,南极电商,20091211,11.47,11.67,11.4,11.62,11.45,0.17,1.48,39020.13,45074.3026,4507.43026,45.0743026,0.450743026
002127.SZ,002127,南极电商,20091214,11.56,11.64,11.22,11.5,11.62,-0.12,-1.03,23815.06,27266.5529,2726.65529,27.2665529,0.2726655289999999
002127.SZ,002127,南极电商,20091215,11.5,11.84,11.4,11.72,11.5,0.22,1.91,45598.91,53424.6013,5342.46013,53.424601300000006,0.5342460130000001
002127.SZ,002127,南极电商,20091216,11.55,11.98,11.55,11.86,11.72,0.14,1.19,46312.91,54713.6318,5471.36318,54.7136318,0.5471363180000001
002127.SZ,002127,南极电商,20091217,11.85,11.95,11.3,11.33,11.86,-0.53,-4.47,27960.5,32444.6431,3244.4643100000003,32.4446431,0.324446431
002127.SZ,002127,南极电商,20091218,11.13,11.28,10.48,11.05,11.33,-0.28,-2.47,24652.4,26712.2812,2671.22812,26.712281200000003,0.267122812
002127.SZ,002127,南极电商,20091222,11.02,11.2,10.85,10.87,11.05,-0.18,-1.63,17977.81,19799.6472,1979.96472,19.7996472,0.1979964719999999
002127.SZ,002127,南极电商,20091223,10.84,11.12,10.67,11.11,10.87,0.24,2.21,19549.77,21352.0747,2135.2074700000003,21.352074700000003,0.213520747
002127.SZ,002127,南极电商,20091224,11.11,12.22,10.94,12.22,11.11,1.11,9.99,94507.89,111747.7383,11174.77383,111.7477383,1.117477383
002127.SZ,002127,南极电商,20091225,12.4,12.73,12.24,12.55,12.22,0.33,2.7,156655.61,195808.507,19580.850700000003,195.808507,1.95808507
002127.SZ,002127,南极电商,20091228,12.7,13.7,12.55,13.5,12.55,0.95,7.57,138238.65,178696.6765,17869.66765,178.6966765,1.7869667649999998
002127.SZ,002127,南极电商,20091229,13.65,13.68,12.8,12.99,13.5,-0.51,-3.78,146203.22,191192.5498,19119.25498,191.1925498,1.911925498
002127.SZ,002127,南极电商,20091230,12.86,13.16,12.52,12.86,12.99,-0.13,-1.0,95942.39,123105.7147,12310.57147,123.1057147,1.231057147
002127.SZ,002127,南极电商,20091231,12.69,12.79,12.51,12.66,12.86,-0.2,-1.56,48476.99,61356.2334,6135.62334,61.3562334,0.613562334
002127.SZ,002127,南极电商,20100104,12.78,12.78,12.43,12.5,12.66,-0.16,-1.26,53304.72,66933.5205,6693.35205,66.9335205,0.669335205
002127.SZ,002127,南极电商,20100105,12.54,12.97,12.49,12.92,12.5,0.42,3.36,77076.79,98234.3525,9823.43525,98.2343525,0.982343525
002127.SZ,002127,南极电商,20100106,12.85,13.05,12.6,12.61,12.92,-0.31,-2.4,58472.16,74935.5431,7493.554309999999,74.93554309999999,0.7493554309999999
002127.SZ,002127,南极电商,20100107,12.53,12.6,12.11,12.21,12.61,-0.4,-3.17,39858.73,49182.7133,4918.2713300000005,49.1827133,0.491827133
002127.SZ,002127,南极电商,20100108,12.11,12.5,12.07,12.42,12.21,0.21,1.72,28065.79,34606.0896,3460.60896,34.6060896,0.3460608959999999
002127.SZ,002127,南极电商,20100111,12.55,12.59,12.22,12.37,12.42,-0.05,-0.4,25016.41,30959.2331,3095.92331,30.9592331,0.309592331
002127.SZ,002127,南极电商,20100112,12.75,13.45,12.64,13.22,12.37,0.85,6.87,80367.23,104223.2847,10422.32847,104.2232847,1.0422328470000002
002127.SZ,002127,南极电商,20100113,12.9,13.38,12.81,12.92,13.22,-0.3,-2.27,60094.45,78371.8124,7837.18124,78.3718124,0.783718124
002127.SZ,002127,南极电商,20100114,12.93,13.17,12.83,13.1,12.92,0.18,1.39,47990.75,62669.013,6266.9013,62.66901299999999,0.62669013
002127.SZ,002127,南极电商,20100115,13.12,13.36,13.03,13.24,13.1,0.14,1.07,48251.08,63799.0097,6379.900970000001,63.799009700000006,0.6379900970000001
002127.SZ,002127,南极电商,20100118,13.21,13.3,13.01,13.18,13.24,-0.06,-0.45,37666.77,49460.7626,4946.07626,49.4607626,0.4946076259999999
002127.SZ,002127,南极电商,20100119,13.18,13.2,12.88,12.95,13.18,-0.23,-1.75,31172.74,40486.3725,4048.63725,40.4863725,0.4048637249999999
002127.SZ,002127,南极电商,20100120,12.93,13.08,12.25,12.27,12.95,-0.68,-5.25,35658.34,45220.0144,4522.00144,45.2200144,0.4522001439999999
002127.SZ,002127,南极电商,20100121,12.29,12.55,12.24,12.47,12.27,0.2,1.63,18727.41,23233.1108,2323.31108,23.2331108,0.2323311079999999
002127.SZ,002127,南极电商,20100122,12.38,12.4,11.85,12.05,12.47,-0.42,-3.37,21796.83,26373.0891,2637.30891,26.3730891,0.263730891
002127.SZ,002127,南极电商,20100125,12.02,12.17,11.92,11.98,12.05,-0.07,-0.58,10508.09,12649.1254,1264.91254,12.6491254,0.126491254
002127.SZ,002127,南极电商,20100126,11.97,12.14,11.08,11.29,11.98,-0.69,-5.76,16219.84,18697.0873,1869.70873,18.6970873,0.186970873
002127.SZ,002127,南极电商,20100127,11.29,11.51,11.06,11.18,11.29,-0.11,-0.97,10948.49,12334.9766,1233.49766,12.3349766,0.1233497659999999
002127.SZ,002127,南极电商,20100128,11.18,11.32,11.12,11.26,11.18,0.08,0.72,10066.94,11302.7271,1130.27271,11.3027271,0.113027271
002127.SZ,002127,南极电商,20100129,11.24,11.47,11.18,11.32,11.26,0.06,0.53,11462.03,13012.1882,1301.21882,13.0121882,0.130121882
002127.SZ,002127,南极电商,20100201,11.28,11.28,10.81,10.89,11.32,-0.43,-3.8,12825.45,14088.4487,1408.84487,14.0884487,0.140884487
002127.SZ,002127,南极电商,20100202,10.93,11.2,10.93,11.13,10.89,0.24,2.2,12972.93,14367.9836,1436.79836,14.3679836,0.143679836
002127.SZ,002127,南极电商,20100203,11.08,11.68,10.71,11.56,11.13,0.43,3.86,27306.26,31071.6267,3107.16267,31.071626700000003,0.310716267
002127.SZ,002127,南极电商,20100204,11.49,11.59,11.31,11.43,11.56,-0.13,-1.12,15846.46,18135.702,1813.5702,18.135702,0.18135702
002127.SZ,002127,南极电商,20100205,11.26,11.28,10.95,11.06,11.43,-0.37,-3.24,10384.92,11555.6003,1155.56003,11.555600300000002,0.115556003
002127.SZ,002127,南极电商,20100208,11.11,11.25,11.02,11.15,11.06,0.09,0.81,5866.95,6537.0883,653.70883,6.537088300000001,0.065370883
002127.SZ,002127,南极电商,20100209,11.15,11.15,10.96,11.06,11.15,-0.09,-0.81,9895.48,10922.8969,1092.28969,10.9228969,0.109228969
002127.SZ,002127,南极电商,20100210,11.18,11.3,11.07,11.27,11.06,0.21,1.9,10014.41,11235.2191,1123.52191,11.2352191,0.112352191
002127.SZ,002127,南极电商,20100211,11.28,11.39,11.22,11.28,11.27,0.01,0.09,9489.32,10742.2466,1074.22466,10.7422466,0.107422466
002127.SZ,002127,南极电商,20100212,11.35,11.45,11.25,11.42,11.28,0.14,1.24,7770.96,8826.7227,882.67227,8.8267227,0.0882672269999999
002127.SZ,002127,南极电商,20100222,11.35,11.64,11.28,11.51,11.42,0.09,0.79,13430.38,15457.2636,1545.72636,15.4572636,0.154572636
002127.SZ,002127,南极电商,20100223,11.51,11.55,11.38,11.53,11.51,0.02,0.17,9286.81,10638.9094,1063.89094,10.6389094,0.1063890939999999
002127.SZ,002127,南极电商,20100224,11.55,11.82,11.48,11.81,11.53,0.28,2.43,17987.23,21052.2654,2105.22654,21.0522654,0.210522654
002127.SZ,002127,南极电商,20100225,11.86,12.04,11.72,11.95,11.81,0.14,1.19,20281.98,24148.7819,2414.8781900000004,24.148781900000003,0.241487819
002127.SZ,002127,南极电商,20100226,11.9,12.17,11.84,12.12,11.95,0.17,1.42,20920.24,25177.7795,2517.77795,25.1777795,0.2517777949999999
002127.SZ,002127,南极电商,20100301,12.05,12.49,12.03,12.38,12.12,0.26,2.15,26996.07,33066.1824,3306.61824,33.066182399999995,0.3306618239999999
002127.SZ,002127,南极电商,20100302,12.35,12.96,12.31,12.7,12.38,0.32,2.58,56861.79,72140.2,7214.019999999999,72.1402,0.7214019999999999
002127.SZ,002127,南极电商,20100303,12.84,12.84,12.55,12.77,12.7,0.07,0.55,31165.63,39441.9638,3944.19638,39.4419638,0.3944196379999999
002127.SZ,002127,南极电商,20100304,12.77,12.83,12.05,12.3,12.77,-0.47,-3.68,30514.18,37985.1798,3798.51798,37.9851798,0.3798517979999999
002127.SZ,002127,南极电商,20100305,12.29,13.26,12.25,13.09,12.3,0.79,6.42,81166.01,104397.8303,10439.78303,104.3978303,1.043978303
002127.SZ,002127,南极电商,20100308,12.95,13.68,12.9,13.56,13.09,0.47,3.59,105917.78,141510.0629,14151.00629,141.51006289999998,1.415100629
002127.SZ,002127,南极电商,20100309,13.62,13.87,13.24,13.3,13.56,-0.26,-1.92,123360.41,167108.7375,16710.87375,167.1087375,1.671087375
002127.SZ,002127,南极电商,20100310,13.3,14.63,13.2,14.63,13.3,1.33,10.0,158726.3,225504.0095,22550.40095,225.5040095,2.255040095
002127.SZ,002127,南极电商,20100311,14.6,15.88,14.41,14.85,14.63,0.22,1.5,201532.09,304491.184,30449.1184,304.491184,3.04491184
002127.SZ,002127,南极电商,20100312,14.68,15.24,14.33,14.5,14.85,-0.35,-2.36,104925.05,154158.8412,15415.88412,154.15884119999998,1.541588412
002127.SZ,002127,南极电商,20100315,14.49,15.15,14.4,14.96,14.5,0.46,3.17,82488.55,122578.9318,12257.89318,122.5789318,1.225789318
002127.SZ,002127,南极电商,20100316,15.0,15.06,14.35,14.61,14.96,-0.35,-2.34,57510.61,84203.4141,8420.341409999999,84.20341409999999,0.8420341409999998
002127.SZ,002127,南极电商,20100317,14.65,15.39,14.41,15.16,14.61,0.55,3.76,66096.37,98462.4613,9846.24613,98.4624613,0.984624613
002127.SZ,002127,南极电商,20100318,15.01,15.5,14.85,15.06,15.16,-0.1,-0.66,67149.08,101451.977,10145.1977,101.451977,1.01451977
002127.SZ,002127,南极电商,20100319,14.99,15.55,14.95,15.27,15.06,0.21,1.39,62812.59,96103.3523,9610.33523,96.1033523,0.961033523
002127.SZ,002127,南极电商,20100322,15.2,15.34,15.02,15.1,15.27,-0.17,-1.11,43240.13,65305.2616,6530.526159999999,65.3052616,0.653052616
002127.SZ,002127,南极电商,20100323,15.08,15.08,14.61,14.68,15.1,-0.42,-2.78,47195.56,69729.3676,6972.93676,69.72936759999999,0.6972936759999999
002127.SZ,002127,南极电商,20100324,14.7,15.35,14.64,14.97,14.68,0.29,1.98,47413.52,71301.9965,7130.19965,71.3019965,0.713019965
002127.SZ,002127,南极电商,20100325,14.91,14.95,14.65,14.7,14.97,-0.27,-1.8,32663.35,48320.9834,4832.09834,48.3209834,0.4832098339999999
002127.SZ,002127,南极电商,20100326,14.68,15.59,14.61,15.21,14.7,0.51,3.47,63930.38,96942.4633,9694.24633,96.9424633,0.969424633
002127.SZ,002127,南极电商,20100329,15.01,15.19,14.8,14.94,15.21,-0.27,-1.78,42653.48,63790.4866,6379.04866,63.7904866,0.637904866
002127.SZ,002127,南极电商,20100330,14.9,15.28,14.9,15.05,14.94,0.11,0.74,29649.43,44750.8685,4475.08685,44.7508685,0.4475086849999999
002127.SZ,002127,南极电商,20100331,15.08,15.46,14.75,15.4,15.05,0.35,2.33,48810.36,73902.7991,7390.27991,73.9027991,0.7390279909999999
002127.SZ,002127,南极电商,20100401,15.35,15.97,15.23,15.8,15.4,0.4,2.6,72961.35,113653.8044,11365.38044,113.65380439999998,1.136538044
002127.SZ,002127,南极电商,20100402,15.7,15.78,15.41,15.51,15.8,-0.29,-1.84,38719.02,60228.1022,6022.81022,60.2281022,0.602281022
002127.SZ,002127,南极电商,20100406,15.49,15.55,15.3,15.38,15.51,-0.13,-0.84,28191.47,43365.974,4336.597400000001,43.36597400000001,0.43365974
002127.SZ,002127,南极电商,20100407,15.41,15.77,15.3,15.73,15.38,0.35,2.28,37217.85,57853.6286,5785.362859999999,57.85362859999999,0.578536286
002127.SZ,002127,南极电商,20100408,15.66,15.77,15.4,15.43,15.73,-0.3,-1.91,29821.23,46518.6817,4651.86817,46.5186817,0.465186817
002127.SZ,002127,南极电商,20100409,15.5,16.16,15.49,16.14,15.43,0.71,4.6,64219.32,102363.9718,10236.39718,102.3639718,1.023639718
002127.SZ,002127,南极电商,20100412,16.03,16.58,16.03,16.49,16.14,0.35,2.17,51954.78,84382.6492,8438.26492,84.3826492,0.843826492
002127.SZ,002127,南极电商,20100413,16.49,16.49,14.85,15.46,16.49,-1.03,-6.25,59690.33,93667.846,9366.7846,93.667846,0.93667846
002127.SZ,002127,南极电商,20100414,15.4,15.58,15.23,15.35,15.46,-0.11,-0.71,24382.25,37446.1761,3744.61761,37.4461761,0.3744617609999999
002127.SZ,002127,南极电商,20100415,15.16,15.34,14.65,14.67,15.35,-0.68,-4.43,46589.57,69224.4241,6922.442410000001,69.22442410000001,0.692244241
002127.SZ,002127,南极电商,20100416,14.6,14.84,14.31,14.66,14.67,-0.01,-0.07,19921.22,29081.7301,2908.17301,29.0817301,0.290817301
002127.SZ,002127,南极电商,20100419,14.51,14.85,14.27,14.27,14.66,-0.39,-2.66,22874.48,33309.5909,3330.9590900000003,33.3095909,0.333095909
002127.SZ,002127,南极电商,20100420,14.27,14.54,14.1,14.36,14.27,0.09,0.63,19256.43,27469.706,2746.9706,27.469705999999995,0.2746970599999999
002127.SZ,002127,南极电商,20100421,14.42,14.89,14.27,14.85,14.36,0.49,3.41,22415.85,32951.7666,3295.17666,32.9517666,0.329517666
002127.SZ,002127,南极电商,20100422,14.9,15.08,14.68,14.98,14.85,0.13,0.88,25535.41,38047.8598,3804.78598,38.0478598,0.380478598
002127.SZ,002127,南极电商,20100427,15.2,15.2,14.2,14.47,14.98,-0.51,-3.4,23996.29,35352.0785,3535.20785,35.352078500000005,0.353520785
002127.SZ,002127,南极电商,20100428,14.15,14.36,13.88,14.05,14.47,-0.42,-2.9,16409.82,23124.035,2312.4035,23.124035,0.2312403499999999
002127.SZ,002127,南极电商,20100429,14.16,14.39,13.9,13.9,14.05,-0.15,-1.07,10688.14,15112.0392,1511.20392,15.1120392,0.151120392
002127.SZ,002127,南极电商,20100430,13.99,14.07,13.11,13.21,13.9,-0.69,-4.96,14919.1,19967.3688,1996.73688,19.9673688,0.199673688
002127.SZ,002127,南极电商,20100504,13.16,13.63,13.03,13.3,13.21,0.09,0.68,10706.43,14319.161,1431.9161,14.319161,0.14319161
002127.SZ,002127,南极电商,20100505,8.11,8.47,7.97,8.39,8.28,0.11,1.33,22108.62,18191.7505,1819.17505,18.1917505,0.1819175049999999
002127.SZ,002127,南极电商,20100506,8.41,8.43,8.07,8.1,8.39,-0.29,-3.46,18758.4,15384.3022,1538.43022,15.3843022,0.153843022
002127.SZ,002127,南极电商,20100507,7.92,8.08,7.71,7.71,8.1,-0.39,-4.81,21159.27,16704.2187,1670.42187,16.704218700000002,0.167042187
002127.SZ,002127,南极电商,20100510,7.69,7.79,7.13,7.33,7.71,-0.38,-4.93,19678.68,14519.7751,1451.9775100000002,14.519775100000002,0.145197751
002127.SZ,002127,南极电商,20100511,7.42,7.49,6.86,6.9,7.33,-0.43,-5.87,19912.5,14359.693,1435.9693,14.359693,0.14359693
002127.SZ,002127,南极电商,20100512,6.86,7.0,6.72,6.92,6.9,0.02,0.29,28160.64,19392.6298,1939.26298,19.3926298,0.1939262979999999
002127.SZ,002127,南极电商,20100513,6.92,7.0,6.59,7.0,6.92,0.08,1.16,39953.51,27354.1721,2735.41721,27.3541721,0.273541721
002127.SZ,002127,南极电商,20100514,6.99,7.08,6.9,7.05,7.0,0.05,0.71,34011.44,23794.849,2379.4849,23.794849,0.2379484899999999
002127.SZ,002127,南极电商,20100517,6.94,6.94,6.37,6.4,7.05,-0.65,-9.22,25276.85,16858.3986,1685.83986,16.8583986,0.168583986
002127.SZ,002127,南极电商,20100518,6.36,6.55,6.15,6.47,6.4,0.07,1.09,24710.74,15749.1777,1574.91777,15.7491777,0.157491777
002127.SZ,002127,南极电商,20100519,6.41,6.64,6.39,6.46,6.47,-0.01,-0.15,18756.17,12259.3899,1225.93899,12.2593899,0.122593899
002127.SZ,002127,南极电商,20100520,6.44,6.59,6.36,6.38,6.46,-0.08,-1.24,16542.7,10693.4938,1069.34938,10.6934938,0.106934938
002127.SZ,002127,南极电商,20100521,6.28,6.54,6.15,6.54,6.38,0.16,2.51,18156.31,11600.7302,1160.07302,11.6007302,0.116007302
002127.SZ,002127,南极电商,20100524,6.55,6.97,6.55,6.9,6.54,0.36,5.5,30224.25,20679.3139,2067.93139,20.6793139,0.206793139
002127.SZ,002127,南极电商,20100525,6.84,7.25,6.76,7.18,6.9,0.28,4.06,56894.33,40481.9621,4048.19621,40.4819621,0.4048196209999999
002127.SZ,002127,南极电商,20100526,7.14,7.22,6.95,7.1,7.18,-0.08,-1.11,31733.47,22551.0768,2255.10768,22.5510768,0.225510768
002127.SZ,002127,南极电商,20100527,7.1,7.2,6.99,7.19,7.1,0.09,1.27,29285.36,20874.0539,2087.40539,20.8740539,0.208740539
002127.SZ,002127,南极电商,20100528,7.25,7.29,7.1,7.14,7.19,-0.05,-0.7,28297.11,20295.0618,2029.50618,20.2950618,0.202950618
002127.SZ,002127,南极电商,20100531,7.12,7.16,7.02,7.05,7.14,-0.09,-1.26,23398.62,16548.0135,1654.8013500000002,16.548013500000003,0.165480135
002127.SZ,002127,南极电商,20100601,7.0,7.03,6.8,6.93,7.05,-0.12,-1.7,24724.34,17041.2542,1704.1254199999998,17.041254199999997,0.1704125419999999
002127.SZ,002127,南极电商,20100602,6.98,6.98,6.72,6.98,6.93,0.05,0.72,11142.52,7664.6053,766.4605300000001,7.664605300000001,0.076646053
002127.SZ,002127,南极电商,20100603,7.01,7.46,6.98,7.27,6.98,0.29,4.15,60118.4,43765.7027,4376.57027,43.7657027,0.437657027
002127.SZ,002127,南极电商,20100604,7.21,7.45,7.17,7.45,7.27,0.18,2.48,39181.94,28714.7355,2871.47355,28.7147355,0.2871473549999999
002127.SZ,002127,南极电商,20100607,7.3,7.4,7.11,7.29,7.45,-0.16,-2.15,34953.34,25342.5544,2534.25544,25.3425544,0.2534255439999999
002127.SZ,002127,南极电商,20100608,7.25,7.64,7.16,7.58,7.29,0.29,3.98,51308.03,38239.8514,3823.98514,38.2398514,0.3823985139999999
002127.SZ,002127,南极电商,20100609,7.5,7.69,7.45,7.67,7.58,0.09,1.19,51095.01,38692.0736,3869.20736,38.6920736,0.386920736
002127.SZ,002127,南极电商,20100610,7.68,7.68,7.52,7.56,7.67,-0.11,-1.43,28294.13,21453.4275,2145.3427500000003,21.453427500000004,0.214534275
002127.SZ,002127,南极电商,20100611,7.6,7.6,7.34,7.4,7.56,-0.16,-2.12,23039.56,17183.2651,1718.32651,17.1832651,0.171832651
002127.SZ,002127,南极电商,20100617,7.46,7.49,7.34,7.34,7.4,-0.06,-0.81,17109.71,12659.8343,1265.98343,12.6598343,0.126598343
002127.SZ,002127,南极电商,20100618,7.33,7.33,6.8,6.83,7.34,-0.51,-6.95,27384.82,19347.8905,1934.78905,19.3478905,0.193478905
002127.SZ,002127,南极电商,20100621,6.83,7.07,6.66,7.06,6.83,0.23,3.37,18007.85,12400.8809,1240.08809,12.4008809,0.1240088089999999
002127.SZ,002127,南极电商,20100622,7.07,7.17,6.99,7.1,7.06,0.04,0.57,20775.87,14702.0273,1470.20273,14.7020273,0.1470202729999999
002127.SZ,002127,南极电商,20100623,7.1,7.1,6.88,6.98,7.1,-0.12,-1.69,16050.26,11209.8717,1120.98717,11.2098717,0.1120987169999999
002127.SZ,002127,南极电商,20100624,6.97,7.02,6.91,6.98,6.98,0.0,0.0,11998.48,8360.4625,836.04625,8.3604625,0.083604625
002127.SZ,002127,南极电商,20100625,6.93,6.97,6.8,6.84,6.98,-0.14,-2.01,10359.82,7127.0256,712.70256,7.1270256,0.0712702559999999
002127.SZ,002127,南极电商,20100628,6.84,6.93,6.78,6.8,6.84,-0.04,-0.58,8704.73,5963.2072,596.3207199999999,5.963207199999999,0.0596320719999999
002127.SZ,002127,南极电商,20100629,6.8,6.87,6.3,6.33,6.8,-0.47,-6.91,17067.13,11071.4913,1107.14913,11.0714913,0.110714913
002127.SZ,002127,南极电商,20100630,6.3,6.3,6.05,6.13,6.33,-0.2,-3.16,10995.08,6764.9633,676.4963300000001,6.764963300000001,0.067649633
002127.SZ,002127,南极电商,20100701,6.15,6.24,6.09,6.12,6.13,-0.01,-0.16,10101.02,6202.0014,620.20014,6.2020014,0.062020014
002127.SZ,002127,南极电商,20100702,6.12,6.12,5.82,6.07,6.12,-0.05,-0.82,14263.32,8517.8107,851.78107,8.5178107,0.085178107
002127.SZ,002127,南极电商,20100705,6.07,6.17,5.9,6.1,6.07,0.03,0.49,16959.34,10243.7476,1024.3747600000002,10.2437476,0.102437476
002127.SZ,002127,南极电商,20100706,6.17,6.71,6.16,6.71,6.1,0.61,10.0,74392.37,49185.2056,4918.52056,49.1852056,0.491852056
002127.SZ,002127,南极电商,20100707,6.8,7.34,6.65,7.28,6.71,0.57,8.49,112308.88,78951.5842,7895.15842,78.9515842,0.789515842
002127.SZ,002127,南极电商,20100708,7.2,7.49,6.97,7.28,7.28,0.0,0.0,101595.82,72739.1219,7273.91219,72.7391219,0.727391219
002127.SZ,002127,南极电商,20100709,7.15,7.39,7.13,7.32,7.28,0.04,0.55,81649.09,59299.5446,5929.95446,59.2995446,0.592995446
002127.SZ,002127,南极电商,20100712,7.35,7.65,7.26,7.56,7.32,0.24,3.28,88286.57,65700.9787,6570.0978700000005,65.70097870000001,0.6570097870000001
002127.SZ,002127,南极电商,20100713,7.41,7.45,7.21,7.39,7.56,-0.17,-2.25,60375.47,44212.3616,4421.23616,44.2123616,0.4421236159999999
002127.SZ,002127,南极电商,20100714,7.37,7.52,7.28,7.38,7.39,-0.01,-0.14,58076.96,42903.2386,4290.32386,42.9032386,0.4290323859999999
002127.SZ,002127,南极电商,20100715,7.35,7.41,7.16,7.21,7.38,-0.17,-2.3,41117.02,29953.3243,2995.33243,29.9533243,0.299533243
002127.SZ,002127,南极电商,20100716,7.18,7.93,7.15,7.93,7.21,0.72,9.99,154796.74,118711.1697,11871.11697,118.7111697,1.1871116969999995
002127.SZ,002127,南极电商,20100719,7.88,8.07,7.73,8.04,7.93,0.11,1.39,123985.15,97848.7798,9784.87798,97.84877980000002,0.9784877980000002
002127.SZ,002127,南极电商,20100720,7.96,8.27,7.88,8.11,8.04,0.07,0.87,102921.29,83317.7865,8331.77865,83.3177865,0.833177865
002127.SZ,002127,南极电商,20100721,8.08,8.15,7.94,8.03,8.11,-0.08,-0.99,64302.3,51622.3184,5162.23184,51.6223184,0.516223184
002127.SZ,002127,南极电商,20100722,7.95,8.13,7.95,8.1,8.03,0.07,0.87,51410.38,41412.6857,4141.26857,41.4126857,0.414126857
002127.SZ,002127,南极电商,20100723,8.05,8.46,8.04,8.19,8.1,0.09,1.11,98004.86,81005.1699,8100.516989999999,81.0051699,0.810051699
002127.SZ,002127,南极电商,20100726,8.18,8.18,7.98,8.13,8.19,-0.06,-0.73,57702.22,46596.921,4659.6921,46.596921,0.46596921
002127.SZ,002127,南极电商,20100727,8.14,8.22,8.03,8.18,8.13,0.05,0.62,44703.42,36378.9072,3637.89072,36.3789072,0.363789072
002127.SZ,002127,南极电商,20100728,8.15,8.43,8.06,8.33,8.18,0.15,1.83,81175.22,67018.7725,6701.8772500000005,67.01877250000001,0.6701877250000001
002127.SZ,002127,南极电商,20100729,8.33,8.98,8.26,8.46,8.33,0.13,1.56,104989.85,90324.9184,9032.49184,90.3249184,0.903249184
002127.SZ,002127,南极电商,20100730,8.38,8.54,8.21,8.34,8.46,-0.12,-1.42,53043.35,44278.6898,4427.86898,44.2786898,0.442786898
002127.SZ,002127,南极电商,20100802,8.26,8.71,8.25,8.48,8.34,0.14,1.68,60040.69,50744.2418,5074.42418,50.7442418,0.507442418
002127.SZ,002127,南极电商,20100803,8.5,8.69,8.4,8.44,8.48,-0.04,-0.47,77065.75,66005.4782,6600.54782,66.0054782,0.660054782
002127.SZ,002127,南极电商,20100804,8.36,8.5,8.15,8.44,8.44,0.0,0.0,47629.46,39562.843,3956.2843,39.562843,0.39562843
002127.SZ,002127,南极电商,20100805,8.44,8.66,8.4,8.49,8.44,0.05,0.59,54931.72,46902.8328,4690.28328,46.9028328,0.469028328
002127.SZ,002127,南极电商,20100806,8.57,9.28,8.51,9.2,8.49,0.71,8.36,157397.78,142676.949,14267.6949,142.67694899999998,1.42676949
002127.SZ,002127,南极电商,20100809,9.1,9.19,9.0,9.18,9.2,-0.02,-0.22,87230.43,79290.4945,7929.04945,79.29049450000001,0.7929049450000001
002127.SZ,002127,南极电商,20100810,9.18,9.18,8.7,8.7,9.18,-0.48,-5.23,72108.94,64219.0042,6421.90042,64.2190042,0.642190042
002127.SZ,002127,南极电商,20100811,8.67,8.85,8.58,8.71,8.7,0.01,0.11,42034.7,36509.7794,3650.97794,36.5097794,0.365097794
002127.SZ,002127,南极电商,20100812,8.56,8.75,8.4,8.41,8.71,-0.3,-3.44,42127.0,36158.6207,3615.86207,36.1586207,0.361586207
002127.SZ,002127,南极电商,20100813,8.42,8.6,8.24,8.56,8.41,0.15,1.78,43550.76,36581.5571,3658.15571,36.5815571,0.3658155709999999
002127.SZ,002127,南极电商,20100816,8.51,8.88,8.51,8.82,8.56,0.26,3.04,43209.92,37766.567,3776.656700000001,37.766567,0.37766567
002127.SZ,002127,南极电商,20100817,8.81,8.9,8.7,8.86,8.82,0.04,0.45,41685.35,36692.612,3669.2612,36.692612,0.3669261199999999
002127.SZ,002127,南极电商,20100818,8.86,8.97,8.73,8.84,8.86,-0.02,-0.23,51308.34,45621.5274,4562.15274,45.6215274,0.456215274
002127.SZ,002127,南极电商,20100819,8.82,9.08,8.73,9.01,8.84,0.17,1.92,48563.67,43346.0307,4334.60307,43.3460307,0.433460307
002127.SZ,002127,南极电商,20100820,9.0,9.0,8.62,8.63,9.01,-0.38,-4.22,45364.71,39795.5859,3979.55859,39.7955859,0.3979558589999999
002127.SZ,002127,南极电商,20100823,8.55,8.7,8.43,8.5,8.63,-0.13,-1.51,31252.96,26772.2377,2677.22377,26.7722377,0.267722377
002127.SZ,002127,南极电商,20100824,8.58,8.88,8.54,8.68,8.5,0.18,2.12,41761.25,36582.3354,3658.23354,36.582335400000005,0.365823354
002127.SZ,002127,南极电商,20100825,8.61,8.65,8.48,8.51,8.68,-0.17,-1.96,30483.2,26045.4688,2604.54688,26.0454688,0.260454688
002127.SZ,002127,南极电商,20100826,8.55,8.62,8.45,8.52,8.51,0.01,0.12,21281.09,18109.5494,1810.95494,18.1095494,0.181095494
002127.SZ,002127,南极电商,20100827,8.52,8.65,8.45,8.57,8.52,0.05,0.59,18017.67,15399.3989,1539.93989,15.3993989,0.153993989
002127.SZ,002127,南极电商,20100830,8.63,9.02,8.63,8.97,8.57,0.4,4.67,65541.58,58253.0356,5825.30356,58.2530356,0.582530356
002127.SZ,002127,南极电商,20100831,8.98,8.98,8.81,8.91,8.97,-0.06,-0.67,43263.66,38352.8385,3835.28385,38.3528385,0.3835283849999999
002127.SZ,002127,南极电商,20100901,8.87,8.97,8.5,8.56,8.91,-0.35,-3.93,44545.21,38931.8082,3893.18082,38.9318082,0.389318082
002127.SZ,002127,南极电商,20100902,8.67,8.72,8.52,8.68,8.56,0.12,1.4,34801.96,30043.9158,3004.39158,30.0439158,0.300439158
002127.SZ,002127,南极电商,20100903,8.72,8.9,8.61,8.88,8.68,0.2,2.3,46312.15,40728.3915,4072.83915,40.7283915,0.407283915
002127.SZ,002127,南极电商,20100906,8.87,9.07,8.81,8.91,8.88,0.03,0.34,60708.61,54422.9114,5442.291139999999,54.4229114,0.544229114
002127.SZ,002127,南极电商,20100907,8.93,8.98,8.72,8.9,8.91,-0.01,-0.11,37201.29,32911.6531,3291.1653100000003,32.9116531,0.329116531
002127.SZ,002127,南极电商,20100908,8.88,9.65,8.81,9.35,8.9,0.45,5.06,156036.72,145817.5556,14581.75556,145.8175556,1.4581755559999998
002127.SZ,002127,南极电商,20100909,9.25,9.39,9.05,9.16,9.35,-0.19,-2.03,83872.84,77639.6751,7763.967509999999,77.63967509999999,0.7763967509999999
002127.SZ,002127,南极电商,20100910,9.14,9.28,8.87,9.23,9.16,0.07,0.76,60360.11,54845.1671,5484.51671,54.8451671,0.548451671
002127.SZ,002127,南极电商,20100913,9.2,9.44,9.17,9.41,9.23,0.18,1.95,70030.35,65119.5112,6511.95112,65.11951119999999,0.6511951119999999
002127.SZ,002127,南极电商,20100914,9.57,9.98,9.45,9.86,9.41,0.45,4.78,160758.32,156338.6466,15633.86466,156.3386466,1.563386466
002127.SZ,002127,南极电商,20100915,9.78,10.05,9.6,9.64,9.86,-0.22,-2.23,98862.66,97037.916,9703.7916,97.037916,0.97037916
002127.SZ,002127,南极电商,20100916,9.61,9.72,9.17,9.29,9.64,-0.35,-3.63,58773.8,54868.7605,5486.87605,54.8687605,0.548687605
002127.SZ,002127,南极电商,20100917,9.34,9.39,9.16,9.24,9.29,-0.05,-0.54,30242.8,28031.903,2803.1903,28.031903,0.2803190299999999
002127.SZ,002127,南极电商,20100920,9.28,9.39,9.17,9.31,9.24,0.07,0.76,28844.5,26774.4809,2677.44809,26.7744809,0.267744809
002127.SZ,002127,南极电商,20100921,9.31,9.32,9.09,9.1,9.31,-0.21,-2.26,22698.31,20860.5779,2086.05779,20.8605779,0.208605779
002127.SZ,002127,南极电商,20100927,9.18,9.4,9.05,9.4,9.1,0.3,3.3,31151.45,28763.8629,2876.38629,28.7638629,0.287638629
002127.SZ,002127,南极电商,20100928,9.39,9.39,9.18,9.19,9.4,-0.21,-2.23,21213.78,19675.3206,1967.53206,19.6753206,0.1967532059999999
002127.SZ,002127,南极电商,20100929,9.19,9.36,9.08,9.1,9.19,-0.09,-0.98,19708.28,18072.2638,1807.22638,18.0722638,0.180722638
002127.SZ,002127,南极电商,20100930,9.06,9.2,9.02,9.16,9.1,0.06,0.66,12873.15,11745.363,1174.5363,11.745363,0.1174536299999999
002127.SZ,002127,南极电商,20101008,9.3,9.5,9.2,9.36,9.16,0.2,2.18,28517.87,26650.1032,2665.0103200000003,26.650103200000004,0.266501032
002127.SZ,002127,南极电商,20101011,9.27,10.3,9.27,10.14,9.36,0.78,8.33,152184.55,152050.6295,15205.06295,152.0506295,1.520506295
002127.SZ,002127,南极电商,20101012,9.95,10.59,9.81,10.48,10.14,0.34,3.35,125311.1,128863.2017,12886.32017,128.86320170000002,1.2886320170000003
002127.SZ,002127,南极电商,20101013,10.63,11.53,10.63,11.53,10.48,1.05,10.02,171833.93,193832.8237,19383.28237,193.8328237,1.938328237
002127.SZ,002127,南极电商,20101014,11.99,12.68,11.99,12.68,11.53,1.15,9.97,144708.23,182010.1092,18201.01092,182.0101092,1.8201010920000005
002127.SZ,002127,南极电商,20101015,13.03,13.88,12.68,13.4,12.68,0.72,5.68,274206.85,361636.197,36163.6197,361.636197,3.61636197
002127.SZ,002127,南极电商,20101019,12.65,12.8,12.07,12.66,13.4,-0.74,-5.52,161252.32,201198.4966,20119.84966,201.1984966,2.011984966
002127.SZ,002127,南极电商,20101020,12.1,12.41,11.71,12.11,12.66,-0.55,-4.34,170859.97,206222.8788,20622.28788,206.2228788,2.062228788
002127.SZ,002127,南极电商,20101021,12.15,12.69,11.83,12.28,12.11,0.17,1.4,191890.41,234500.0996,23450.00996,234.5000996,2.345000996
002127.SZ,002127,南极电商,20101022,12.2,12.65,12.02,12.46,12.28,0.18,1.47,137718.07,170220.1487,17022.01487,170.22014869999998,1.7022014869999995
002127.SZ,002127,南极电商,20101025,12.38,12.97,12.26,12.89,12.46,0.43,3.45,166312.56,209911.9927,20991.19927,209.9119927,2.0991199270000003
002127.SZ,002127,南极电商,20101026,12.8,13.15,12.26,12.41,12.89,-0.48,-3.72,165552.21,207993.8352,20799.38352,207.9938352,2.079938352
002127.SZ,002127,南极电商,20101027,12.26,13.65,11.84,13.65,12.41,1.24,9.99,235180.56,300292.4922,30029.24922,300.2924922,3.002924922
002127.SZ,002127,南极电商,20101028,13.65,14.8,13.4,13.85,13.65,0.2,1.47,258722.22,365147.1382,36514.71382,365.1471382,3.651471382
002127.SZ,002127,南极电商,20101029,13.65,14.46,13.44,13.95,13.85,0.1,0.72,148782.75,207936.3385,20793.63385,207.93633850000003,2.079363385
002127.SZ,002127,南极电商,20101101,14.1,14.75,13.8,14.4,13.95,0.45,3.23,141092.77,200342.2762,20034.22762,200.3422762,2.003422762
002127.SZ,002127,南极电商,20101102,14.4,14.86,14.03,14.08,14.4,-0.32,-2.22,118747.18,170484.061,17048.4061,170.484061,1.70484061
002127.SZ,002127,南极电商,20101103,14.14,14.26,13.38,13.55,14.08,-0.53,-3.76,70836.52,97626.7061,9762.67061,97.6267061,0.976267061
002127.SZ,002127,南极电商,20101104,13.66,14.87,13.55,14.63,13.55,1.08,7.97,149207.9,214412.842,21441.2842,214.412842,2.14412842
002127.SZ,002127,南极电商,20101105,14.82,15.1,14.37,14.38,14.63,-0.25,-1.71,112087.72,164108.1509,16410.81509,164.1081509,1.641081509
002127.SZ,002127,南极电商,20101108,14.4,15.5,14.28,15.14,14.38,0.76,5.29,124285.8,187026.6516,18702.66516,187.0266516,1.870266516
002127.SZ,002127,南极电商,20101109,15.29,15.5,14.84,15.23,15.14,0.09,0.59,82372.18,124518.4827,12451.84827,124.5184827,1.245184827
002127.SZ,002127,南极电商,20101110,15.24,15.28,14.66,14.78,15.23,-0.45,-2.95,57510.61,85644.2,8564.42,85.6442,0.8564419999999999
002127.SZ,002127,南极电商,20101111,14.67,14.95,14.13,14.35,14.78,-0.43,-2.91,123401.9,177682.6977,17768.26977,177.68269769999998,1.7768269769999998
002127.SZ,002127,南极电商,20101112,14.22,14.22,12.92,12.92,14.35,-1.43,-9.97,124916.0,168210.9279,16821.092790000002,168.21092790000003,1.6821092790000003
002127.SZ,002127,南极电商,20101115,12.91,13.14,12.01,12.95,12.92,0.03,0.23,98909.33,123846.565,12384.6565,123.846565,1.2384656500000002
002127.SZ,002127,南极电商,20101116,12.84,12.89,12.1,12.15,12.95,-0.8,-6.18,57711.86,72009.1022,7200.91022,72.0091022,0.720091022
002127.SZ,002127,南极电商,20101117,11.95,12.3,11.7,11.8,12.15,-0.35,-2.88,39244.14,47162.4929,4716.24929,47.1624929,0.4716249289999999
002127.SZ,002127,南极电商,20101118,11.99,12.3,11.75,12.18,11.8,0.38,3.22,40523.35,48823.2012,4882.32012,48.8232012,0.488232012
002127.SZ,002127,南极电商,20101119,12.3,12.5,12.09,12.46,12.18,0.28,2.3,43816.35,53990.8637,5399.08637,53.9908637,0.539908637
002127.SZ,002127,南极电商,20101122,12.2,12.75,12.2,12.46,12.46,0.0,0.0,51721.55,64906.816,6490.6816,64.90681599999999,0.6490681599999999
002127.SZ,002127,南极电商,20101123,12.44,12.47,11.4,11.74,12.46,-0.72,-5.78,56637.28,67268.2085,6726.820849999999,67.26820849999999,0.6726820849999998
002127.SZ,002127,南极电商,20101124,11.52,12.2,11.48,12.18,11.74,0.44,3.75,41098.55,48982.1811,4898.21811,48.9821811,0.489821811
002127.SZ,002127,南极电商,20101125,12.23,12.87,12.23,12.57,12.18,0.39,3.2,59091.66,74435.1323,7443.51323,74.43513229999999,0.744351323
002127.SZ,002127,南极电商,20101126,12.5,12.83,12.4,12.72,12.57,0.15,1.19,48848.12,61939.7577,6193.97577,61.9397577,0.619397577
002127.SZ,002127,南极电商,20101129,12.6,12.78,12.23,12.47,12.72,-0.25,-1.97,36605.02,45505.0925,4550.50925,45.5050925,0.455050925
002127.SZ,002127,南极电商,20101130,12.44,12.45,11.45,11.87,12.47,-0.6,-4.81,43723.83,51878.8574,5187.88574,51.8788574,0.5187885739999999
002127.SZ,002127,南极电商,20101201,11.7,12.11,11.65,11.92,11.87,0.05,0.42,18928.16,22550.457,2255.0457,22.550457,0.22550457
002127.SZ,002127,南极电商,20101202,12.09,12.16,11.91,11.92,11.92,0.0,0.0,25250.9,30363.7564,3036.37564,30.3637564,0.3036375639999999
002127.SZ,002127,南极电商,20101203,11.89,11.95,11.58,11.77,11.92,-0.15,-1.26,21417.33,25101.0492,2510.10492,25.1010492,0.251010492
002127.SZ,002127,南极电商,20101206,11.8,12.83,11.8,12.55,11.77,0.78,6.63,82941.72,102731.1034,10273.11034,102.7311034,1.027311034
002127.SZ,002127,南极电商,20101207,12.4,12.59,11.98,12.51,12.55,-0.04,-0.32,48624.06,59736.3443,5973.63443,59.7363443,0.597363443
002127.SZ,002127,南极电商,20101208,12.49,13.1,12.36,12.97,12.51,0.46,3.68,99919.19,128329.1105,12832.91105,128.32911049999998,1.2832911049999998
002127.SZ,002127,南极电商,20101209,12.8,13.3,12.6,12.88,12.97,-0.09,-0.69,73590.36,95406.5171,9540.65171,95.4065171,0.954065171
002127.SZ,002127,南极电商,20101210,12.76,12.98,12.4,12.67,12.88,-0.21,-1.63,42825.13,54277.366,5427.7366,54.277366,0.54277366
002127.SZ,002127,南极电商,20101213,12.85,13.41,12.75,13.35,12.67,0.68,5.37,75192.03,98648.5823,9864.85823,98.6485823,0.986485823
002127.SZ,002127,南极电商,20101214,13.35,13.97,13.12,13.9,13.35,0.55,4.12,102622.87,139935.0303,13993.503030000002,139.93503030000002,1.3993503030000003
002127.SZ,002127,南极电商,20101215,13.78,14.07,13.7,13.83,13.9,-0.07,-0.5,61693.11,85531.0769,8553.10769,85.5310769,0.855310769
002127.SZ,002127,南极电商,20101216,13.98,14.1,13.6,14.02,13.83,0.19,1.37,63004.14,87221.1238,8722.11238,87.2211238,0.872211238
002127.SZ,002127,南极电商,20101217,14.05,14.09,13.85,13.99,14.02,-0.03,-0.21,30053.35,41985.7306,4198.573060000001,41.9857306,0.419857306
002127.SZ,002127,南极电商,20101220,14.19,14.33,13.1,13.73,13.99,-0.26,-1.86,57363.88,78411.409,7841.1409,78.411409,0.7841140900000001
002127.SZ,002127,南极电商,20101221,13.78,13.83,13.3,13.56,13.73,-0.17,-1.24,35238.17,47556.1777,4755.61777,47.5561777,0.475561777
002127.SZ,002127,南极电商,20101222,13.45,14.08,13.4,13.97,13.56,0.41,3.02,56103.94,76909.3398,7690.93398,76.9093398,0.769093398
002127.SZ,002127,南极电商,20101223,13.88,13.98,13.25,13.3,13.97,-0.67,-4.8,48098.8,65304.4304,6530.44304,65.3044304,0.653044304
002127.SZ,002127,南极电商,20101224,13.18,13.48,13.1,13.39,13.3,0.09,0.68,23823.59,31621.845,3162.1845000000003,31.621845000000004,0.31621845
002127.SZ,002127,南极电商,20101227,13.28,13.65,12.8,12.96,13.39,-0.43,-3.21,25221.7,33636.0066,3363.60066,33.6360066,0.336360066
002127.SZ,002127,南极电商,20101228,12.9,13.33,12.8,13.12,12.96,0.16,1.23,23107.39,30273.384,3027.3384,30.273384,0.30273384
002127.SZ,002127,南极电商,20101229,13.2,13.8,13.15,13.76,13.12,0.64,4.88,43328.16,58999.1547,5899.91547,58.9991547,0.589991547
002127.SZ,002127,南极电商,20101230,13.85,15.0,13.5,14.57,13.76,0.81,5.89,116037.35,166376.6759,16637.66759,166.3766759,1.663766759
002127.SZ,002127,南极电商,20101231,14.5,14.67,14.26,14.55,14.57,-0.02,-0.14,60995.05,88247.525,8824.752499999999,88.24752499999998,0.8824752499999998
002127.SZ,002127,南极电商,20110104,14.55,14.83,14.22,14.76,14.55,0.21,1.44,69494.43,100715.8327,10071.58327,100.7158327,1.007158327
002127.SZ,002127,南极电商,20110105,14.65,15.2,14.39,14.39,14.76,-0.37,-2.51,74478.84,109948.1775,10994.81775,109.9481775,1.099481775
002127.SZ,002127,南极电商,20110106,14.41,14.9,14.21,14.38,14.39,-0.01,-0.07,47940.79,69865.5114,6986.5511400000005,69.8655114,0.698655114
002127.SZ,002127,南极电商,20110107,14.37,14.49,13.91,13.95,14.38,-0.43,-2.99,39005.4,55150.1187,5515.01187,55.1501187,0.551501187
002127.SZ,002127,南极电商,20110110,14.14,14.17,13.65,13.65,13.95,-0.3,-2.15,25396.89,35407.3778,3540.7377800000004,35.407377800000006,0.354073778
002127.SZ,002127,南极电商,20110111,13.74,13.96,13.42,13.96,13.65,0.31,2.27,22250.81,30519.6091,3051.96091,30.519609100000004,0.305196091
002127.SZ,002127,南极电商,20110112,14.0,14.65,13.97,14.64,13.96,0.68,4.87,60686.08,87360.1904,8736.019040000001,87.36019040000001,0.873601904
002127.SZ,002127,南极电商,20110113,14.62,14.68,14.21,14.3,14.64,-0.34,-2.32,34028.48,49299.0071,4929.90071,49.2990071,0.492990071
002127.SZ,002127,南极电商,20110114,14.1,14.15,13.4,13.53,14.3,-0.77,-5.38,39833.01,54420.1436,5442.01436,54.4201436,0.544201436
002127.SZ,002127,南极电商,20110118,12.81,12.99,12.29,12.39,13.53,-1.14,-8.43,30667.97,38478.5338,3847.85338,38.4785338,0.3847853379999999
002127.SZ,002127,南极电商,20110119,12.3,12.98,12.3,12.81,12.39,0.42,3.39,26440.82,33638.0473,3363.80473,33.6380473,0.3363804729999999
002127.SZ,002127,南极电商,20110120,12.81,13.09,12.34,12.35,12.81,-0.46,-3.59,21100.04,26720.1576,2672.01576,26.7201576,0.2672015759999999
002127.SZ,002127,南极电商,20110121,12.34,12.69,12.13,12.55,12.35,0.2,1.62,16468.24,20527.9564,2052.79564,20.5279564,0.2052795639999999
002127.SZ,002127,南极电商,20110124,12.56,12.75,12.12,12.22,12.55,-0.33,-2.63,13682.21,16944.4368,1694.44368,16.9444368,0.1694443679999999
002127.SZ,002127,南极电商,20110125,12.21,12.21,11.32,11.53,12.22,-0.69,-5.65,17672.52,20586.2586,2058.62586,20.5862586,0.205862586
002127.SZ,002127,南极电商,20110126,11.5,11.8,11.41,11.69,11.53,0.16,1.39,12111.97,14079.3373,1407.93373,14.0793373,0.140793373
002127.SZ,002127,南极电商,20110127,11.67,11.95,11.45,11.84,11.69,0.15,1.28,17371.59,20435.9313,2043.59313,20.4359313,0.204359313
002127.SZ,002127,南极电商,20110128,11.79,12.14,11.79,12.01,11.84,0.17,1.44,15121.86,18185.4871,1818.54871,18.1854871,0.181854871
002127.SZ,002127,南极电商,20110131,12.15,12.15,11.88,12.04,12.01,0.03,0.25,12210.24,14715.5973,1471.55973,14.7155973,0.147155973
002127.SZ,002127,南极电商,20110201,12.04,12.56,12.04,12.41,12.04,0.37,3.07,13501.9,16713.7622,1671.37622,16.7137622,0.167137622
002127.SZ,002127,南极电商,20110209,12.31,12.66,12.22,12.39,12.41,-0.02,-0.16,10029.75,12496.2261,1249.62261,12.4962261,0.1249622609999999
002127.SZ,002127,南极电商,20110210,12.3,13.07,12.28,12.9,12.39,0.51,4.12,22633.49,28851.288,2885.1288,28.851288,0.28851288
002127.SZ,002127,南极电商,20110211,13.22,14.19,13.18,14.19,12.9,1.29,10.0,81201.43,113606.5362,11360.65362,113.6065362,1.136065362
002127.SZ,002127,南极电商,20110214,14.58,15.3,14.3,14.79,14.19,0.6,4.23,119373.02,177813.5292,17781.352919999998,177.81352919999998,1.7781352919999998
002127.SZ,002127,南极电商,20110215,14.72,15.45,14.59,15.27,14.79,0.48,3.25,99749.92,149779.068,14977.9068,149.779068,1.49779068
002127.SZ,002127,南极电商,20110216,15.0,15.78,14.92,15.41,15.27,0.14,0.92,84597.92,130106.7958,13010.67958,130.1067958,1.301067958
002127.SZ,002127,南极电商,20110217,15.4,15.59,14.96,15.4,15.41,-0.01,-0.06,65007.52,99120.4985,9912.04985,99.1204985,0.991204985
002127.SZ,002127,南极电商,20110218,15.3,16.78,15.25,16.21,15.4,0.81,5.26,91322.51,148583.7062,14858.370619999998,148.58370619999997,1.4858370619999997
002127.SZ,002127,南极电商,20110221,15.99,16.49,15.7,16.19,16.21,-0.02,-0.12,73874.87,118837.4136,11883.74136,118.8374136,1.188374136
002127.SZ,002127,南极电商,20110222,15.98,16.47,15.01,15.12,16.19,-1.07,-6.61,89776.91,139842.9262,13984.292619999998,139.8429262,1.3984292619999998
002127.SZ,002127,南极电商,20110223,15.0,15.58,15.0,15.22,15.12,0.1,0.66,41678.13,63655.0793,6365.50793,63.6550793,0.636550793
002127.SZ,002127,南极电商,20110224,15.13,15.48,15.08,15.3,15.22,0.08,0.53,29278.63,44664.3647,4466.43647,44.66436469999999,0.4466436469999999
002127.SZ,002127,南极电商,20110225,15.34,15.41,14.99,15.12,15.3,-0.18,-1.18,27152.31,41171.6485,4117.16485,41.1716485,0.411716485
002127.SZ,002127,南极电商,20110228,15.1,16.17,15.07,15.99,15.12,0.87,5.75,53471.42,83867.165,8386.716499999999,83.86716499999999,0.8386716499999999
002127.SZ,002127,南极电商,20110301,16.02,16.12,15.7,15.8,15.99,-0.19,-1.19,36737.24,58459.182,5845.9182,58.459182,0.58459182
002127.SZ,002127,南极电商,20110302,15.79,16.5,15.4,16.47,15.8,0.67,4.24,51526.72,82391.5959,8239.15959,82.3915959,0.823915959
002127.SZ,002127,南极电商,20110303,16.4,16.6,15.51,15.55,16.47,-0.92,-5.59,57629.5,92923.1195,9292.31195,92.9231195,0.929231195
002127.SZ,002127,南极电商,20110304,15.57,15.98,15.3,15.88,15.55,0.33,2.12,34149.19,53427.3913,5342.73913,53.4273913,0.5342739129999999
002127.SZ,002127,南极电商,20110307,15.89,16.0,15.55,15.8,15.88,-0.08,-0.5,33345.42,52536.2475,5253.62475,52.5362475,0.525362475
002127.SZ,002127,南极电商,20110308,15.65,15.8,15.35,15.5,15.8,-0.3,-1.9,37130.45,57495.3976,5749.53976,57.4953976,0.574953976
002127.SZ,002127,南极电商,20110309,15.45,15.66,15.16,15.25,15.5,-0.25,-1.61,40734.84,62543.7867,6254.37867,62.5437867,0.625437867
002127.SZ,002127,南极电商,20110310,15.2,15.65,15.08,15.14,15.25,-0.11,-0.72,42693.55,65365.3883,6536.53883,65.36538829999999,0.6536538829999999
002127.SZ,002127,南极电商,20110311,15.0,15.39,14.92,15.07,15.14,-0.07,-0.46,40861.05,62073.2714,6207.327139999999,62.0732714,0.620732714
002127.SZ,002127,南极电商,20110314,15.0,15.53,14.95,15.49,15.07,0.42,2.79,40325.74,61642.9581,6164.2958100000005,61.64295810000001,0.6164295810000001
002127.SZ,002127,南极电商,20110315,15.49,15.49,14.53,14.97,15.49,-0.52,-3.36,55490.05,82548.8511,8254.88511,82.5488511,0.825488511
002127.SZ,002127,南极电商,20110316,14.96,15.19,14.73,15.12,14.97,0.15,1.0,34530.49,51756.9381,5175.69381,51.7569381,0.5175693809999999
002127.SZ,002127,南极电商,20110317,15.02,15.02,14.34,14.43,15.12,-0.69,-4.56,43175.64,63160.8321,6316.08321,63.1608321,0.631608321
002127.SZ,002127,南极电商,20110318,14.7,14.7,14.2,14.38,14.43,-0.05,-0.35,35067.16,50338.8408,5033.88408,50.3388408,0.503388408
002127.SZ,002127,南极电商,20110321,14.5,14.85,14.28,14.63,14.38,0.25,1.74,36203.85,53018.6112,5301.86112,53.0186112,0.530186112
002127.SZ,002127,南极电商,20110322,14.64,14.85,14.38,14.78,14.63,0.15,1.03,25109.64,36836.1002,3683.61002,36.8361002,0.368361002
002127.SZ,002127,南极电商,20110323,14.85,14.97,14.65,14.92,14.78,0.14,0.95,21692.92,32162.4101,3216.24101,32.1624101,0.321624101
002127.SZ,002127,南极电商,20110324,14.92,15.08,14.8,14.91,14.92,-0.01,-0.07,19327.98,28860.6511,2886.06511,28.8606511,0.288606511
002127.SZ,002127,南极电商,20110325,14.9,15.37,14.82,15.32,14.91,0.41,2.75,46242.14,70072.6189,7007.26189,70.0726189,0.7007261889999999
002127.SZ,002127,南极电商,20110328,15.41,15.78,15.33,15.41,15.32,0.09,0.59,38367.36,59532.9084,5953.29084,59.5329084,0.595329084
002127.SZ,002127,南极电商,20110329,15.38,15.47,14.56,14.6,15.41,-0.81,-5.26,38162.2,56824.9156,5682.49156,56.8249156,0.568249156
002127.SZ,002127,南极电商,20110330,14.5,14.7,14.2,14.64,14.6,0.04,0.27,23771.56,34311.164,3431.1164,34.311164,0.34311164
002127.SZ,002127,南极电商,20110331,14.63,14.71,14.2,14.2,14.64,-0.44,-3.01,21001.3,30203.1142,3020.31142,30.2031142,0.302031142
002127.SZ,002127,南极电商,20110401,14.29,14.52,14.2,14.5,14.2,0.3,2.11,12765.45,18330.9346,1833.09346,18.3309346,0.1833093459999999
002127.SZ,002127,南极电商,20110406,14.45,14.64,14.25,14.41,14.5,-0.09,-0.62,13072.12,18848.377,1884.8377,18.848377,0.18848377
002127.SZ,002127,南极电商,20110407,14.41,14.78,14.4,14.73,14.41,0.32,2.22,16524.54,24226.0961,2422.60961,24.2260961,0.242260961
002127.SZ,002127,南极电商,20110408,14.71,14.97,14.56,14.78,14.73,0.05,0.34,17301.72,25652.065,2565.2065,25.652065,0.2565206499999999
002127.SZ,002127,南极电商,20110411,14.8,15.33,14.8,15.01,14.78,0.23,1.56,35347.12,53330.039,5333.0039,53.330039,0.53330039
002127.SZ,002127,南极电商,20110412,14.92,15.42,14.92,15.07,15.01,0.06,0.4,31013.66,47115.579,4711.5579,47.115579,0.4711557899999999
002127.SZ,002127,南极电商,20110413,15.0,15.18,14.8,15.18,15.07,0.11,0.73,23688.22,35490.3582,3549.03582,35.4903582,0.354903582
002127.SZ,002127,南极电商,20110414,15.13,15.16,14.62,14.71,15.18,-0.47,-3.1,23974.21,35643.3575,3564.33575,35.6433575,0.356433575
002127.SZ,002127,南极电商,20110415,14.79,14.79,14.42,14.53,14.71,-0.18,-1.22,20798.82,30215.6731,3021.56731,30.2156731,0.302156731
002127.SZ,002127,南极电商,20110418,14.64,15.28,14.46,15.21,14.53,0.68,4.68,47502.7,71616.3685,7161.63685,71.6163685,0.7161636849999999
002127.SZ,002127,南极电商,20110419,15.25,15.25,14.82,14.96,15.21,-0.25,-1.64,29607.47,44418.8275,4441.88275,44.4188275,0.4441882749999999
002127.SZ,002127,南极电商,20110420,14.95,14.99,14.6,14.79,14.96,-0.17,-1.14,24554.62,36185.2288,3618.52288,36.1852288,0.3618522879999999
002127.SZ,002127,南极电商,20110421,14.79,14.96,14.67,14.74,14.79,-0.05,-0.34,19260.38,28489.9879,2848.99879,28.489987900000003,0.284899879
002127.SZ,002127,南极电商,20110422,14.65,14.85,14.45,14.5,14.74,-0.24,-1.63,23845.35,34646.3631,3464.6363100000003,34.6463631,0.346463631
002127.SZ,002127,南极电商,20110425,14.5,14.51,14.05,14.13,14.5,-0.37,-2.55,21284.38,30102.2152,3010.22152,30.1022152,0.301022152
002127.SZ,002127,南极电商,20110426,14.13,14.2,13.41,13.58,14.13,-0.55,-3.89,17854.91,24508.0523,2450.80523,24.5080523,0.245080523
002127.SZ,002127,南极电商,20110427,13.95,13.95,13.11,13.2,13.58,-0.38,-2.8,12548.01,16853.3758,1685.33758,16.853375800000002,0.168533758
002127.SZ,002127,南极电商,20110428,13.2,13.45,13.1,13.2,13.2,0.0,0.0,11560.47,15356.431,1535.6431,15.356431,0.15356431
002127.SZ,002127,南极电商,20110429,13.2,13.6,13.2,13.5,13.2,0.3,2.27,9478.43,12750.2173,1275.02173,12.7502173,0.127502173
002127.SZ,002127,南极电商,20110503,13.6,13.83,13.53,13.75,13.5,0.25,1.85,9519.04,13058.3666,1305.83666,13.0583666,0.130583666
002127.SZ,002127,南极电商,20110504,13.75,13.75,13.3,13.41,13.75,-0.34,-2.47,7431.02,10018.5604,1001.85604,10.0185604,0.100185604
002127.SZ,002127,南极电商,20110505,13.28,13.55,13.25,13.31,13.41,-0.1,-0.75,5502.12,7373.7638,737.3763799999999,7.373763799999999,0.073737638
002127.SZ,002127,南极电商,20110506,13.16,13.45,13.1,13.23,13.31,-0.08,-0.6,8975.11,11878.302,1187.8302,11.878301999999998,0.1187830199999999
002127.SZ,002127,南极电商,20110509,13.36,13.58,13.31,13.35,13.23,0.12,0.91,5758.58,7712.8264,771.28264,7.7128264,0.077128264
002127.SZ,002127,南极电商,20110510,13.35,13.55,13.3,13.5,13.35,0.15,1.12,6535.9,8785.8806,878.58806,8.7858806,0.087858806
002127.SZ,002127,南极电商,20110511,13.52,14.24,13.51,14.1,13.5,0.6,4.44,29846.1,41614.1155,4161.41155,41.6141155,0.416141155
002127.SZ,002127,南极电商,20110512,13.95,14.05,13.82,13.9,14.1,-0.2,-1.42,26144.93,36392.1842,3639.21842,36.3921842,0.363921842
002127.SZ,002127,南极电商,20110513,13.92,13.98,13.6,13.87,13.9,-0.03,-0.22,18286.79,25152.3195,2515.2319500000003,25.152319500000004,0.251523195
002127.SZ,002127,南极电商,20110516,13.85,14.11,13.6,13.6,13.87,-0.27,-1.95,24497.22,33802.9495,3380.2949500000004,33.802949500000004,0.338029495
002127.SZ,002127,南极电商,20110517,13.6,13.6,13.19,13.32,13.6,-0.28,-2.06,23156.79,30889.0783,3088.90783,30.8890783,0.308890783
002127.SZ,002127,南极电商,20110518,13.26,13.28,12.9,12.94,13.32,-0.38,-2.85,29692.63,38787.278,3878.7278,38.78727799999999,0.3878727799999999
002127.SZ,002127,南极电商,20110519,12.96,13.16,12.94,13.07,12.94,0.13,1.0,11331.49,14785.8143,1478.58143,14.7858143,0.147858143
002127.SZ,002127,南极电商,20110520,13.08,13.1,12.91,13.05,13.07,-0.02,-0.15,7407.42,9647.1809,964.71809,9.6471809,0.096471809
002127.SZ,002127,南极电商,20110523,13.05,13.05,12.32,12.4,13.05,-0.65,-4.98,14157.93,17807.1809,1780.7180899999998,17.8071809,0.178071809
002127.SZ,002127,南极电商,20110524,12.4,12.4,11.91,12.25,12.4,-0.15,-1.21,10962.93,13269.3973,1326.93973,13.2693973,0.132693973
002127.SZ,002127,南极电商,20110525,12.25,12.33,12.01,12.07,12.25,-0.18,-1.47,5763.63,7030.6993,703.06993,7.0306993,0.070306993
002127.SZ,002127,南极电商,20110526,12.12,12.39,11.95,11.95,12.07,-0.12,-0.99,7449.02,9001.0655,900.1065500000001,9.001065500000001,0.090010655
002127.SZ,002127,南极电商,20110527,11.94,12.07,11.61,11.77,11.95,-0.18,-1.51,8701.02,10223.2583,1022.32583,10.2232583,0.1022325829999999
002127.SZ,002127,南极电商,20110530,11.7,11.8,11.58,11.6,11.77,-0.17,-1.44,9258.07,10836.8982,1083.68982,10.8368982,0.108368982
002127.SZ,002127,南极电商,20110531,11.6,11.76,11.19,11.69,11.6,0.09,0.78,16015.5,18360.2392,1836.02392,18.3602392,0.183602392
002127.SZ,002127,南极电商,20110601,11.74,11.79,11.55,11.75,11.69,0.06,0.51,12518.21,14639.2271,1463.92271,14.6392271,0.146392271
002127.SZ,002127,南极电商,20110602,11.6,11.66,11.24,11.52,11.75,-0.23,-1.96,10110.93,11598.8289,1159.88289,11.5988289,0.115988289
002127.SZ,002127,南极电商,20110603,11.55,11.85,11.5,11.77,11.52,0.25,2.17,10092.33,11820.339,1182.0339,11.820339,0.1182033899999999
002127.SZ,002127,南极电商,20110607,11.7,11.98,11.69,11.97,11.77,0.2,1.7,10817.25,12836.2481,1283.62481,12.8362481,0.128362481
002127.SZ,002127,南极电商,20110608,12.0,12.08,11.75,12.07,11.97,0.1,0.84,10247.07,12180.0692,1218.00692,12.1800692,0.121800692
002127.SZ,002127,南极电商,20110609,12.06,12.07,11.71,11.71,12.07,-0.36,-2.98,9385.25,11152.683,1115.2683000000002,11.152683,0.11152683
002127.SZ,002127,南极电商,20110610,11.61,11.74,11.28,11.41,11.71,-0.3,-2.56,11612.22,13284.2573,1328.42573,13.2842573,0.132842573
002127.SZ,002127,南极电商,20110614,11.49,11.7,11.48,11.63,11.41,0.22,1.93,6829.43,7933.1312,793.31312,7.9331312,0.079331312
002127.SZ,002127,南极电商,20110615,11.6,11.75,11.48,11.49,11.63,-0.14,-1.2,7596.98,8822.9742,882.2974200000001,8.8229742,0.088229742
002127.SZ,002127,南极电商,20110616,11.49,11.49,10.95,10.95,11.49,-0.54,-4.7,16802.83,18668.5175,1866.8517500000005,18.668517500000004,0.186685175
002127.SZ,002127,南极电商,20110617,10.76,10.96,10.65,10.7,10.95,-0.25,-2.28,9112.02,9830.3719,983.03719,9.8303719,0.098303719
002127.SZ,002127,南极电商,20110620,10.7,10.7,10.38,10.45,10.7,-0.25,-2.34,6192.04,6536.1541,653.61541,6.5361541,0.065361541
002127.SZ,002127,南极电商,20110621,10.5,10.57,10.35,10.52,10.45,0.07,0.67,8586.37,9000.0897,900.0089700000001,9.0000897,0.090000897
002127.SZ,002127,南极电商,20110622,10.57,10.63,10.28,10.34,10.52,-0.18,-1.71,9357.19,9775.202,977.5202,9.775202,0.09775202
002127.SZ,002127,南极电商,20110623,10.33,10.9,10.09,10.85,10.34,0.51,4.93,16416.88,17380.0342,1738.0034199999998,17.380034199999997,0.1738003419999999
002127.SZ,002127,南极电商,20110624,10.73,11.25,10.73,11.17,10.85,0.32,2.95,20836.25,23024.3743,2302.43743,23.0243743,0.2302437429999999
002127.SZ,002127,南极电商,20110627,11.43,11.43,11.05,11.25,11.17,0.08,0.72,16601.29,18621.2656,1862.12656,18.6212656,0.186212656
002127.SZ,002127,南极电商,20110628,11.26,11.36,11.14,11.2,11.25,-0.05,-0.44,10892.4,12230.7663,1223.07663,12.2307663,0.122307663
002127.SZ,002127,南极电商,20110629,11.24,11.29,10.9,10.91,11.2,-0.29,-2.59,13102.11,14571.5834,1457.15834,14.5715834,0.145715834
002127.SZ,002127,南极电商,20110630,10.91,11.3,10.91,11.16,10.91,0.25,2.29,12181.69,13580.3672,1358.03672,13.5803672,0.135803672
002127.SZ,002127,南极电商,20110701,11.29,11.34,11.16,11.2,11.16,0.04,0.36,12828.88,14433.8882,1443.38882,14.433888199999998,0.1443388819999999
002127.SZ,002127,南极电商,20110704,10.75,12.32,10.6,12.02,11.2,0.82,7.32,95141.77,107975.326,10797.5326,107.975326,1.0797532600000002
002127.SZ,002127,南极电商,20110705,11.79,12.58,11.25,11.8,12.02,-0.22,-1.83,83390.12,99878.8229,9987.88229,99.8788229,0.998788229
002127.SZ,002127,南极电商,20110706,11.61,11.78,11.35,11.66,11.8,-0.14,-1.19,69748.02,80180.3549,8018.03549,80.1803549,0.801803549
002127.SZ,002127,南极电商,20110707,11.6,11.69,11.47,11.52,11.66,-0.14,-1.2,41147.27,47587.1497,4758.71497,47.5871497,0.475871497
002127.SZ,002127,南极电商,20110708,11.5,11.6,11.23,11.37,11.52,-0.15,-1.3,25718.91,29323.8981,2932.38981,29.3238981,0.2932389809999999
002127.SZ,002127,南极电商,20110711,11.28,11.46,11.28,11.39,11.37,0.02,0.18,20940.02,23803.4058,2380.34058,23.8034058,0.238034058
002127.SZ,002127,南极电商,20110712,11.28,11.29,11.01,11.01,11.39,-0.38,-3.34,22424.03,25021.8667,2502.18667,25.0218667,0.250218667
002127.SZ,002127,南极电商,20110713,11.03,11.27,11.03,11.21,11.01,0.2,1.82,18122.4,20213.0511,2021.30511,20.2130511,0.202130511
002127.SZ,002127,南极电商,20110714,11.25,11.42,11.22,11.41,11.21,0.2,1.78,24485.82,27777.6856,2777.76856,27.7776856,0.2777768559999999
002127.SZ,002127,南极电商,20110715,11.35,11.54,11.35,11.5,11.41,0.09,0.79,28149.34,32309.4945,3230.94945,32.3094945,0.323094945
002127.SZ,002127,南极电商,20110718,11.58,11.81,11.51,11.72,11.5,0.22,1.91,38897.96,45326.1621,4532.61621,45.326162100000005,0.453261621
002127.SZ,002127,南极电商,20110719,11.66,11.66,11.32,11.36,11.72,-0.36,-3.07,22657.04,25974.1545,2597.41545,25.9741545,0.259741545
002127.SZ,002127,南极电商,20110720,11.38,11.56,11.32,11.52,11.36,0.16,1.41,16363.51,18734.1099,1873.41099,18.7341099,0.187341099
002127.SZ,002127,南极电商,20110721,11.55,11.62,11.08,11.09,11.52,-0.43,-3.73,21590.33,24363.9518,2436.39518,24.3639518,0.243639518
002127.SZ,002127,南极电商,20110722,11.09,11.22,11.01,11.05,11.09,-0.04,-0.36,14619.6,16231.6629,1623.16629,16.2316629,0.162316629
002127.SZ,002127,南极电商,20110725,11.05,11.06,10.34,10.42,11.05,-0.63,-5.7,24635.98,26085.8995,2608.58995,26.0858995,0.260858995
002127.SZ,002127,南极电商,20110726,10.25,10.49,10.1,10.45,10.42,0.03,0.29,12510.48,12877.0292,1287.7029200000002,12.877029200000004,0.128770292
002127.SZ,002127,南极电商,20110727,10.4,10.5,10.25,10.46,10.45,0.01,0.1,12858.37,13371.7846,1337.17846,13.371784600000002,0.133717846
002127.SZ,002127,南极电商,20110728,10.44,10.44,10.14,10.26,10.46,-0.2,-1.91,11528.99,11828.8324,1182.88324,11.8288324,0.118288324
002127.SZ,002127,南极电商,20110729,10.25,10.29,10.14,10.17,10.26,-0.09,-0.88,11056.94,11291.8218,1129.18218,11.2918218,0.112918218
002127.SZ,002127,南极电商,20110801,10.15,10.26,10.15,10.18,10.17,0.01,0.1,9869.3,10080.6434,1008.06434,10.0806434,0.100806434
002127.SZ,002127,南极电商,20110802,10.2,10.2,9.75,9.91,10.18,-0.27,-2.65,16326.86,16134.4054,1613.44054,16.134405400000002,0.161344054
002127.SZ,002127,南极电商,20110803,9.91,10.08,9.81,10.03,9.91,0.12,1.21,12404.53,12386.13,1238.6129999999998,12.386129999999998,0.1238612999999999
002127.SZ,002127,南极电商,20110804,10.06,10.56,10.06,10.49,10.03,0.46,4.59,23866.45,24384.6125,2438.46125,24.3846125,0.243846125
002127.SZ,002127,南极电商,20110805,10.2,10.2,9.69,9.7,10.49,-0.79,-7.53,65815.78,65152.8884,6515.28884,65.1528884,0.651528884
002127.SZ,002127,南极电商,20110808,9.59,9.59,8.73,8.96,9.7,-0.74,-7.63,28765.31,26098.8746,2609.88746,26.0988746,0.260988746
002127.SZ,002127,南极电商,20110809,8.65,8.68,8.24,8.5,8.96,-0.46,-5.13,54680.19,46467.576,4646.7576,46.467576,0.46467576
002127.SZ,002127,南极电商,20110810,7.19,7.33,6.97,6.99,7.04,-0.05,-0.71,59360.1,42597.3538,4259.73538,42.5973538,0.425973538
002127.SZ,002127,南极电商,20110811,6.77,7.07,6.68,7.07,6.99,0.08,1.14,46466.39,32216.9949,3221.69949,32.2169949,0.322169949
002127.SZ,002127,南极电商,20110812,7.15,7.56,7.08,7.45,7.07,0.38,5.37,141067.82,103073.8633,10307.38633,103.0738633,1.030738633
002127.SZ,002127,南极电商,20110815,7.38,7.57,7.31,7.52,7.45,0.07,0.94,97015.8,72167.914,7216.7914,72.167914,0.72167914
002127.SZ,002127,南极电商,20110816,7.52,7.58,7.38,7.41,7.52,-0.11,-1.46,56081.74,41843.7035,4184.37035,41.8437035,0.418437035
002127.SZ,002127,南极电商,20110817,7.36,7.46,7.3,7.36,7.41,-0.05,-0.67,37552.11,27666.4406,2766.64406,27.6664406,0.276664406
002127.SZ,002127,南极电商,20110818,7.33,7.44,7.23,7.23,7.36,-0.13,-1.77,35846.01,26331.5198,2633.15198,26.331519799999995,0.263315198
002127.SZ,002127,南极电商,20110819,7.09,7.09,6.93,7.05,7.23,-0.18,-2.49,36064.6,25281.8589,2528.18589,25.2818589,0.252818589
002127.SZ,002127,南极电商,20110822,7.02,7.15,7.0,7.07,7.05,0.02,0.28,22246.71,15757.3945,1575.73945,15.7573945,0.157573945
002127.SZ,002127,南极电商,20110823,7.06,7.52,7.06,7.4,7.07,0.33,4.67,50054.81,36622.6141,3662.26141,36.6226141,0.366226141
002127.SZ,002127,南极电商,20110824,7.5,7.5,7.3,7.31,7.4,-0.09,-1.22,43161.47,31905.0939,3190.50939,31.9050939,0.319050939
002127.SZ,002127,南极电商,20110825,7.34,7.55,7.28,7.48,7.31,0.17,2.33,57724.69,43001.3152,4300.13152,43.0013152,0.430013152
002127.SZ,002127,南极电商,20110826,7.47,7.52,7.4,7.48,7.48,0.0,0.0,41740.26,31225.1557,3122.51557,31.2251557,0.312251557
002127.SZ,002127,南极电商,20110829,7.4,7.45,7.3,7.39,7.48,-0.09,-1.2,24457.4,18009.9492,1800.99492,18.009949199999998,0.1800994919999999
002127.SZ,002127,南极电商,20110830,7.44,8.13,7.4,8.01,7.39,0.62,8.39,216556.5,170958.5343,17095.85343,170.9585343,1.709585343
002127.SZ,002127,南极电商,20110831,7.95,7.95,7.69,7.79,8.01,-0.22,-2.75,91205.01,71305.3725,7130.537249999999,71.30537249999999,0.7130537249999999
002127.SZ,002127,南极电商,20110901,7.82,8.12,7.67,8.09,7.79,0.3,3.85,127751.08,100860.7386,10086.07386,100.8607386,1.008607386
002127.SZ,002127,南极电商,20110902,7.98,8.03,7.78,7.85,8.09,-0.24,-2.97,58979.59,46547.7934,4654.77934,46.5477934,0.465477934
002127.SZ,002127,南极电商,20110905,7.86,7.94,7.65,7.76,7.85,-0.09,-1.15,54748.45,42584.6877,4258.46877,42.5846877,0.425846877
002127.SZ,002127,南极电商,20110906,7.68,7.75,7.02,7.3,7.76,-0.46,-5.93,97740.73,71706.0418,7170.60418,71.70604180000001,0.7170604180000001
002127.SZ,002127,南极电商,20110907,7.28,7.48,7.19,7.46,7.3,0.16,2.19,45521.03,33513.036,3351.3036,33.513036,0.33513036
002127.SZ,002127,南极电商,20110908,7.47,7.68,7.41,7.56,7.46,0.1,1.34,67079.24,50951.4508,5095.14508,50.9514508,0.5095145080000001
002127.SZ,002127,南极电商,20110909,7.51,7.82,7.49,7.8,7.56,0.24,3.17,89425.09,68266.4017,6826.640170000001,68.2664017,0.682664017
002127.SZ,002127,南极电商,20110913,7.73,7.84,7.55,7.71,7.8,-0.09,-1.15,47488.65,36642.7105,3664.27105,36.6427105,0.366427105
002127.SZ,002127,南极电商,20110914,7.75,8.08,7.65,8.04,7.71,0.33,4.28,91487.85,72136.3936,7213.639359999999,72.13639359999999,0.7213639359999999
002127.SZ,002127,南极电商,20110915,8.04,8.04,7.9,7.92,8.04,-0.12,-1.49,76466.13,60945.8182,6094.58182,60.945818200000005,0.609458182
002127.SZ,002127,南极电商,20110916,7.89,8.02,7.73,7.78,7.92,-0.14,-1.77,49829.01,39199.4187,3919.94187,39.1994187,0.391994187
002127.SZ,002127,南极电商,20110919,7.72,7.72,7.36,7.37,7.78,-0.41,-5.27,37919.85,28540.9372,2854.09372,28.5409372,0.285409372
002127.SZ,002127,南极电商,20110920,7.32,7.65,7.28,7.44,7.37,0.07,0.95,24012.56,17913.5122,1791.35122,17.9135122,0.179135122
002127.SZ,002127,南极电商,20110921,7.49,7.83,7.38,7.78,7.44,0.34,4.57,66640.3,50898.7793,5089.877930000001,50.89877930000001,0.5089877930000001
002127.SZ,002127,南极电商,20110922,7.7,7.82,7.47,7.48,7.78,-0.3,-3.86,74170.63,56763.0389,5676.30389,56.7630389,0.567630389
002127.SZ,002127,南极电商,20110923,7.33,7.62,7.22,7.5,7.48,0.02,0.27,51230.45,38279.5477,3827.95477,38.2795477,0.382795477
002127.SZ,002127,南极电商,20110926,7.48,7.6,7.3,7.37,7.5,-0.13,-1.73,61487.99,46022.1986,4602.21986,46.0221986,0.460221986
002127.SZ,002127,南极电商,20110927,7.49,7.53,7.3,7.34,7.37,-0.03,-0.41,51000.78,37818.6056,3781.86056,37.8186056,0.378186056
002127.SZ,002127,南极电商,20110928,7.38,7.43,6.87,6.98,7.34,-0.36,-4.9,65947.51,47334.9201,4733.49201,47.3349201,0.473349201
002127.SZ,002127,南极电商,20110929,6.98,6.98,6.49,6.58,6.98,-0.4,-5.73,46107.25,30896.4577,3089.64577,30.8964577,0.308964577
002127.SZ,002127,南极电商,20110930,6.58,6.73,6.37,6.64,6.58,0.06,0.91,25759.38,16948.5134,1694.85134,16.9485134,0.1694851339999999
002127.SZ,002127,南极电商,20111010,6.69,6.7,6.48,6.57,6.64,-0.07,-1.05,15865.35,10451.1748,1045.11748,10.4511748,0.104511748
002127.SZ,002127,南极电商,20111011,6.76,6.9,6.51,6.63,6.57,0.06,0.91,23110.06,15421.4562,1542.14562,15.4214562,0.154214562
002127.SZ,002127,南极电商,20111012,6.6,6.89,6.51,6.87,6.63,0.24,3.62,30073.36,20335.1932,2033.51932,20.335193200000003,0.203351932
002127.SZ,002127,南极电商,20111013,6.88,6.98,6.81,6.88,6.87,0.01,0.15,27983.6,19269.7761,1926.97761,19.2697761,0.1926977609999999
002127.SZ,002127,南极电商,20111014,6.9,7.39,6.88,7.19,6.88,0.31,4.51,78440.04,56441.4433,5644.14433,56.4414433,0.564414433
002127.SZ,002127,南极电商,20111017,7.08,7.15,7.0,7.06,7.19,-0.13,-1.81,45358.99,32029.3166,3202.93166,32.029316599999994,0.3202931659999999
002127.SZ,002127,南极电商,20111018,6.98,6.99,6.61,6.64,7.06,-0.42,-5.95,34378.21,23436.7714,2343.67714,23.4367714,0.234367714
002127.SZ,002127,南极电商,20111019,6.64,6.72,6.42,6.58,6.64,-0.06,-0.9,19725.8,12987.9278,1298.79278,12.9879278,0.129879278
002127.SZ,002127,南极电商,20111020,6.54,6.58,6.37,6.53,6.58,-0.05,-0.76,22765.64,14659.7021,1465.97021,14.6597021,0.146597021
002127.SZ,002127,南极电商,20111021,6.5,6.54,6.18,6.26,6.53,-0.27,-4.13,19830.03,12638.4922,1263.84922,12.6384922,0.126384922
002127.SZ,002127,南极电商,20111024,6.36,6.43,6.18,6.38,6.26,0.12,1.92,15560.72,9841.8506,984.18506,9.8418506,0.098418506
002127.SZ,002127,南极电商,20111025,6.43,6.67,6.37,6.63,6.38,0.25,3.92,28736.83,18850.2522,1885.02522,18.8502522,0.188502522
002127.SZ,002127,南极电商,20111026,6.6,6.79,6.52,6.7,6.63,0.07,1.06,35345.94,23573.4211,2357.34211,23.5734211,0.235734211
002127.SZ,002127,南极电商,20111027,6.75,6.79,6.57,6.6,6.7,-0.1,-1.49,28660.13,19114.1841,1911.41841,19.1141841,0.1911418409999999
002127.SZ,002127,南极电商,20111028,6.69,6.98,6.63,6.86,6.6,0.26,3.94,69136.98,46972.5756,4697.25756,46.9725756,0.469725756
002127.SZ,002127,南极电商,20111031,6.85,6.96,6.77,6.95,6.86,0.09,1.31,48644.7,33454.1201,3345.41201,33.4541201,0.3345412009999999
002127.SZ,002127,南极电商,20111101,6.9,7.12,6.75,6.88,6.95,-0.07,-1.01,59909.16,41553.4676,4155.34676,41.553467600000005,0.415534676
002127.SZ,002127,南极电商,20111102,6.7,6.98,6.64,6.92,6.88,0.04,0.58,52407.07,35584.6493,3558.46493,35.584649299999995,0.3558464929999999
002127.SZ,002127,南极电商,20111103,6.95,7.15,6.92,6.97,6.92,0.05,0.72,63206.44,44595.8128,4459.58128,44.5958128,0.445958128
002127.SZ,002127,南极电商,20111104,7.02,7.27,6.88,7.2,6.97,0.23,3.3,94906.27,67665.2426,6766.52426,67.6652426,0.676652426
002127.SZ,002127,南极电商,20111107,7.17,7.28,7.09,7.19,7.2,-0.01,-0.14,75990.5,54658.5512,5465.85512,54.658551200000005,0.546585512
002127.SZ,002127,南极电商,20111108,7.16,7.17,7.01,7.04,7.19,-0.15,-2.09,48942.69,34639.0163,3463.9016300000003,34.6390163,0.346390163
002127.SZ,002127,南极电商,20111109,7.06,7.14,6.92,7.14,7.04,0.1,1.42,35902.17,25297.4425,2529.74425,25.2974425,0.252974425
002127.SZ,002127,南极电商,20111110,7.01,7.09,6.96,6.97,7.14,-0.17,-2.38,32022.26,22443.8798,2244.38798,22.4438798,0.224438798
002127.SZ,002127,南极电商,20111111,6.97,7.03,6.88,6.99,6.97,0.02,0.29,24096.35,16756.7288,1675.67288,16.7567288,0.167567288
002127.SZ,002127,南极电商,20111114,7.05,7.18,7.0,7.15,6.99,0.16,2.29,38957.4,27736.063,2773.6063,27.736063,0.27736063
002127.SZ,002127,南极电商,20111115,7.16,7.28,7.09,7.28,7.15,0.13,1.82,58672.45,42330.3799,4233.03799,42.3303799,0.423303799
002127.SZ,002127,南极电商,20111116,7.28,7.29,6.99,7.01,7.28,-0.27,-3.71,48549.05,34568.9543,3456.89543,34.568954299999994,0.3456895429999999
002127.SZ,002127,南极电商,20111117,7.01,7.1,6.94,7.08,7.01,0.07,1.0,29678.63,20848.3392,2084.83392,20.8483392,0.208483392
002127.SZ,002127,南极电商,20111118,7.03,7.07,6.83,6.88,7.08,-0.2,-2.82,26695.19,18532.4891,1853.24891,18.5324891,0.185324891
002127.SZ,002127,南极电商,20111121,6.9,7.06,6.81,6.97,6.88,0.09,1.31,27714.04,19275.7727,1927.57727,19.2757727,0.192757727
002127.SZ,002127,南极电商,20111122,6.9,6.94,6.68,6.77,6.97,-0.2,-2.87,29648.45,20144.7155,2014.47155,20.1447155,0.2014471549999999
002127.SZ,002127,南极电商,20111123,6.76,6.81,6.62,6.63,6.77,-0.14,-2.07,24279.21,16254.0917,1625.40917,16.2540917,0.162540917
002127.SZ,002127,南极电商,20111124,6.59,6.59,6.38,6.48,6.63,-0.15,-2.26,41665.01,26925.5883,2692.55883,26.9255883,0.269255883
002127.SZ,002127,南极电商,20111125,6.45,6.53,6.25,6.35,6.48,-0.13,-2.01,41853.06,26622.6013,2662.26013,26.6226013,0.266226013
002127.SZ,002127,南极电商,20111128,6.3,6.47,6.26,6.46,6.35,0.11,1.73,33196.48,21075.2668,2107.52668,21.0752668,0.2107526679999999
002127.SZ,002127,南极电商,20111129,6.5,6.65,6.4,6.6,6.46,0.14,2.17,75308.71,49061.2652,4906.12652,49.0612652,0.490612652
002127.SZ,002127,南极电商,20111130,6.5,6.58,6.11,6.12,6.6,-0.48,-7.27,54597.3,34531.3783,3453.13783,34.5313783,0.345313783
002127.SZ,002127,南极电商,20111201,6.35,6.41,6.27,6.3,6.12,0.18,2.94,35279.24,22331.7822,2233.17822,22.331782200000003,0.223317822
002127.SZ,002127,南极电商,20111202,6.27,6.27,6.1,6.16,6.3,-0.14,-2.22,24351.53,15032.7387,1503.27387,15.0327387,0.150327387
002127.SZ,002127,南极电商,20111206,6.19,6.19,5.97,6.04,6.16,-0.12,-1.95,20492.78,12419.2335,1241.92335,12.4192335,0.124192335
002127.SZ,002127,南极电商,20111207,5.98,6.07,5.98,6.03,6.04,-0.01,-0.17,15798.31,9514.8622,951.48622,9.5148622,0.095148622
002127.SZ,002127,南极电商,20111208,6.0,6.08,5.86,6.04,6.03,0.01,0.17,31051.0,18559.7361,1855.97361,18.5597361,0.185597361
002127.SZ,002127,南极电商,20111209,6.0,6.02,5.84,5.86,6.04,-0.18,-2.98,23292.45,13768.5827,1376.8582700000002,13.7685827,0.137685827
002127.SZ,002127,南极电商,20111212,5.9,5.9,5.68,5.68,5.86,-0.18,-3.07,16293.68,9413.2766,941.32766,9.4132766,0.0941327659999999
002127.SZ,002127,南极电商,20111213,5.67,5.68,5.38,5.39,5.68,-0.29,-5.11,21024.74,11533.826,1153.3826,11.533826,0.11533826
002127.SZ,002127,南极电商,20111214,5.38,5.44,5.08,5.12,5.39,-0.27,-5.01,24116.9,12668.2034,1266.82034,12.6682034,0.126682034
002127.SZ,002127,南极电商,20111215,5.08,5.11,4.96,5.0,5.12,-0.12,-2.34,28621.88,14407.3145,1440.73145,14.4073145,0.144073145
002127.SZ,002127,南极电商,20111216,5.0,5.15,4.94,5.14,5.0,0.14,2.8,27995.11,14141.8442,1414.18442,14.1418442,0.141418442
002127.SZ,002127,南极电商,20111219,5.11,5.11,4.94,5.07,5.14,-0.07,-1.36,29691.18,14891.2349,1489.12349,14.8912349,0.148912349
002127.SZ,002127,南极电商,20111220,5.09,5.58,5.02,5.34,5.07,0.27,5.33,117820.32,63930.3299,6393.03299,63.9303299,0.6393032989999999
002127.SZ,002127,南极电商,20111221,5.34,5.39,5.06,5.09,5.34,-0.25,-4.68,57632.51,30271.0175,3027.1017500000003,30.271017500000003,0.302710175
002127.SZ,002127,南极电商,20111222,5.0,5.09,4.8,5.02,5.09,-0.07,-1.38,38162.49,18847.8247,1884.78247,18.8478247,0.188478247
002127.SZ,002127,南极电商,20111226,5.05,5.17,5.01,5.05,5.02,0.03,0.6,40755.45,20736.6652,2073.66652,20.7366652,0.2073666519999999
002127.SZ,002127,南极电商,20111227,5.0,5.05,4.84,4.86,5.05,-0.19,-3.76,24153.39,11888.2858,1188.82858,11.888285799999998,0.1188828579999999
002127.SZ,002127,南极电商,20111228,4.81,4.82,4.63,4.79,4.86,-0.07,-1.44,23202.51,11003.3425,1100.33425,11.0033425,0.110033425
002127.SZ,002127,南极电商,20111229,4.81,4.87,4.75,4.84,4.79,0.05,1.04,25457.78,12262.3387,1226.23387,12.2623387,0.122623387
002127.SZ,002127,南极电商,20111230,4.83,4.95,4.83,4.94,4.84,0.1,2.07,20365.21,10002.0133,1000.20133,10.002013300000002,0.100020133
002127.SZ,002127,南极电商,20120105,4.67,4.79,4.56,4.6,4.94,-0.34,-6.88,28450.62,13294.247,1329.4247,13.294247,0.13294247
002127.SZ,002127,南极电商,20120106,4.6,4.9,4.56,4.83,4.6,0.23,5.0,27659.08,13032.0804,1303.20804,13.0320804,0.130320804
002127.SZ,002127,南极电商,20120109,4.83,5.05,4.73,5.04,4.83,0.21,4.35,32471.28,16056.8325,1605.68325,16.0568325,0.1605683249999999
002127.SZ,002127,南极电商,20120110,5.0,5.25,5.0,5.21,5.04,0.17,3.37,43075.74,22203.6346,2220.36346,22.2036346,0.222036346
002127.SZ,002127,南极电商,20120111,5.18,5.36,5.14,5.24,5.21,0.03,0.58,50908.54,26690.4824,2669.04824,26.6904824,0.266904824
002127.SZ,002127,南极电商,20120112,5.24,5.42,5.18,5.2,5.24,-0.04,-0.76,50950.03,26861.7387,2686.17387,26.8617387,0.268617387
002127.SZ,002127,南极电商,20120113,5.18,5.26,4.94,4.97,5.2,-0.23,-4.42,51834.81,26222.915,2622.2915000000003,26.222915000000004,0.26222915
002127.SZ,002127,南极电商,20120116,4.93,4.98,4.82,4.83,4.97,-0.14,-2.82,19088.56,9338.9065,933.89065,9.3389065,0.093389065
002127.SZ,002127,南极电商,20120117,4.85,5.2,4.83,5.18,4.83,0.35,7.25,30490.96,15461.1801,1546.11801,15.4611801,0.154611801
002127.SZ,002127,南极电商,20120118,5.21,5.24,4.99,5.03,5.18,-0.15,-2.9,32593.97,16679.1727,1667.91727,16.6791727,0.166791727
002127.SZ,002127,南极电商,20120119,5.03,5.16,4.96,5.1,5.03,0.07,1.39,23444.88,11940.4157,1194.04157,11.9404157,0.119404157
002127.SZ,002127,南极电商,20120120,5.1,5.17,5.03,5.13,5.1,0.03,0.59,24143.4,12342.8574,1234.28574,12.3428574,0.123428574
002127.SZ,002127,南极电商,20120130,5.15,5.18,5.07,5.1,5.13,-0.03,-0.58,14568.99,7456.2679,745.62679,7.4562679,0.074562679
002127.SZ,002127,南极电商,20120131,5.1,5.13,5.03,5.12,5.1,0.02,0.39,11986.42,6092.7452,609.27452,6.0927452,0.060927452
002127.SZ,002127,南极电商,20120201,5.11,5.17,5.05,5.08,5.12,-0.04,-0.78,16393.36,8368.4694,836.84694,8.3684694,0.083684694
002127.SZ,002127,南极电商,20120202,5.12,5.18,5.07,5.18,5.08,0.1,1.97,22953.27,11772.1335,1177.21335,11.7721335,0.117721335
002127.SZ,002127,南极电商,20120203,5.18,5.52,5.15,5.38,5.18,0.2,3.86,61647.52,32971.2992,3297.1299200000003,32.971299200000004,0.329712992
002127.SZ,002127,南极电商,20120206,5.35,5.42,5.3,5.41,5.38,0.03,0.56,41027.47,21976.4576,2197.6457600000003,21.976457600000003,0.219764576
002127.SZ,002127,南极电商,20120207,5.39,5.39,5.16,5.21,5.41,-0.2,-3.7,38798.81,20280.1364,2028.01364,20.2801364,0.202801364
002127.SZ,002127,南极电商,20120208,5.21,5.37,5.17,5.37,5.21,0.16,3.07,38564.27,20406.3676,2040.63676,20.4063676,0.204063676
002127.SZ,002127,南极电商,20120209,5.37,5.49,5.35,5.41,5.37,0.04,0.74,48956.5,26542.5248,2654.25248,26.5425248,0.265425248
002127.SZ,002127,南极电商,20120210,5.4,5.47,5.36,5.43,5.41,0.02,0.37,39422.51,21380.9323,2138.09323,21.3809323,0.2138093229999999
002127.SZ,002127,南极电商,20120213,5.36,5.6,5.31,5.53,5.43,0.1,1.84,70338.95,38611.2161,3861.12161,38.6112161,0.386112161
002127.SZ,002127,南极电商,20120214,5.53,5.6,5.46,5.58,5.53,0.05,0.9,45582.13,25184.4457,2518.44457,25.1844457,0.251844457
002127.SZ,002127,南极电商,20120215,5.57,5.82,5.5,5.75,5.58,0.17,3.05,77044.37,43799.3145,4379.93145,43.7993145,0.437993145
002127.SZ,002127,南极电商,20120216,5.78,5.85,5.63,5.78,5.75,0.03,0.52,66115.76,37949.1097,3794.91097,37.9491097,0.379491097
002127.SZ,002127,南极电商,20120217,5.8,5.84,5.6,5.67,5.78,-0.11,-1.9,65046.07,37041.6787,3704.16787,37.0416787,0.3704167869999999
002127.SZ,002127,南极电商,20120220,5.73,5.77,5.62,5.64,5.67,-0.03,-0.53,61370.75,34943.5018,3494.35018,34.9435018,0.349435018
002127.SZ,002127,南极电商,20120221,5.63,5.82,5.47,5.77,5.64,0.13,2.31,83597.66,47129.4992,4712.94992,47.1294992,0.4712949919999999
002127.SZ,002127,南极电商,20120222,5.72,5.86,5.7,5.84,5.77,0.07,1.21,78530.1,45497.0287,4549.70287,45.4970287,0.454970287
002127.SZ,002127,南极电商,20120223,5.84,5.93,5.72,5.79,5.84,-0.05,-0.86,61099.04,35612.9079,3561.29079,35.6129079,0.356129079
002127.SZ,002127,南极电商,20120224,5.79,5.94,5.76,5.91,5.79,0.12,2.07,75342.01,44161.658,4416.165800000001,44.16165800000001,0.4416165800000001
002127.SZ,002127,南极电商,20120227,5.92,6.2,5.88,5.9,5.91,-0.01,-0.17,109689.13,65799.223,6579.9223,65.799223,0.65799223
002127.SZ,002127,南极电商,20120228,5.75,6.05,5.69,5.99,5.9,0.09,1.53,113821.75,66657.7326,6665.77326,66.6577326,0.6665773260000001
002127.SZ,002127,南极电商,20120229,5.9,5.98,5.79,5.82,5.99,-0.17,-2.84,47871.92,28074.5783,2807.4578300000003,28.0745783,0.280745783
002127.SZ,002127,南极电商,20120301,5.82,5.92,5.76,5.83,5.82,0.01,0.17,30707.19,17927.1068,1792.71068,17.9271068,0.179271068
002127.SZ,002127,南极电商,20120302,5.84,6.02,5.81,5.94,5.83,0.11,1.89,122828.81,72850.2048,7285.020480000001,72.85020480000001,0.7285020480000002
002127.SZ,002127,南极电商,20120305,5.94,6.01,5.9,5.96,5.94,0.02,0.34,69954.41,41693.7524,4169.375239999999,41.6937524,0.4169375239999999
002127.SZ,002127,南极电商,20120306,6.01,6.13,5.92,6.0,5.96,0.04,0.67,101561.95,61148.0596,6114.80596,61.1480596,0.6114805959999999
002127.SZ,002127,南极电商,20120307,5.92,6.07,5.83,5.98,6.0,-0.02,-0.33,73929.57,43990.5904,4399.05904,43.9905904,0.439905904
002127.SZ,002127,南极电商,20120308,5.99,6.14,5.95,6.12,5.98,0.14,2.34,91111.2,55065.3939,5506.53939,55.0653939,0.5506539389999999
002127.SZ,002127,南极电商,20120309,6.1,6.16,6.02,6.11,6.12,-0.01,-0.16,88290.46,53779.8496,5377.98496,53.7798496,0.537798496
002127.SZ,002127,南极电商,20120312,6.12,6.33,6.07,6.28,6.11,0.17,2.78,114343.42,71064.8723,7106.487230000001,71.0648723,0.710648723
002127.SZ,002127,南极电商,20120313,6.25,6.3,6.18,6.27,6.28,-0.01,-0.16,70742.02,44144.757,4414.4757,44.144757,0.44144757
002127.SZ,002127,南极电商,20120314,6.3,6.3,5.72,5.82,6.27,-0.45,-7.18,115160.52,69751.068,6975.1068,69.75106799999999,0.6975106799999999
002127.SZ,002127,南极电商,20120315,5.8,5.92,5.52,5.58,5.82,-0.24,-4.12,78414.64,44423.7903,4442.37903,44.4237903,0.444237903
002127.SZ,002127,南极电商,20120316,5.61,5.78,5.57,5.77,5.58,0.19,3.41,63497.91,36008.0641,3600.80641,36.0080641,0.360080641
002127.SZ,002127,南极电商,20120319,5.74,5.98,5.67,5.94,5.77,0.17,2.95,60335.49,35127.9895,3512.7989500000003,35.127989500000005,0.351279895
002127.SZ,002127,南极电商,20120320,5.93,5.93,5.72,5.74,5.94,-0.2,-3.37,44327.12,25682.4545,2568.24545,25.6824545,0.2568245449999999
002127.SZ,002127,南极电商,20120321,5.76,5.84,5.65,5.84,5.74,0.1,1.74,33329.23,19136.7191,1913.67191,19.1367191,0.1913671909999999
002127.SZ,002127,南极电商,20120322,5.79,5.85,5.73,5.75,5.84,-0.09,-1.54,22356.09,12946.6914,1294.66914,12.9466914,0.129466914
002127.SZ,002127,南极电商,20120323,5.71,5.78,5.59,5.63,5.75,-0.12,-2.09,34117.52,19432.2951,1943.22951,19.4322951,0.1943229509999999
002127.SZ,002127,南极电商,20120326,5.63,5.63,5.53,5.58,5.63,-0.05,-0.89,18296.57,10208.7921,1020.87921,10.2087921,0.102087921
002127.SZ,002127,南极电商,20120327,5.6,5.7,5.52,5.58,5.58,0.0,0.0,17903.57,10037.4342,1003.74342,10.0374342,0.100374342
002127.SZ,002127,南极电商,20120328,5.53,5.56,5.1,5.14,5.58,-0.44,-7.89,36551.46,19448.5459,1944.85459,19.448545900000003,0.194485459
002127.SZ,002127,南极电商,20120329,5.1,5.16,4.94,5.0,5.14,-0.14,-2.72,27993.02,14118.3888,1411.83888,14.1183888,0.141183888
002127.SZ,002127,南极电商,20120330,5.0,5.05,4.86,4.9,5.0,-0.1,-2.0,31628.47,15630.5746,1563.05746,15.6305746,0.156305746
002127.SZ,002127,南极电商,20120405,4.91,5.17,4.86,5.13,4.9,0.23,4.69,34813.0,17527.9207,1752.79207,17.5279207,0.175279207
002127.SZ,002127,南极电商,20120406,5.09,5.25,5.06,5.2,5.13,0.07,1.36,41990.03,21674.4751,2167.44751,21.6744751,0.2167447509999999
002127.SZ,002127,南极电商,20120409,5.25,5.3,5.1,5.14,5.2,-0.06,-1.15,52262.45,27227.9384,2722.79384,27.2279384,0.272279384
002127.SZ,002127,南极电商,20120410,5.21,5.65,5.21,5.61,5.14,0.47,9.14,187003.78,103601.7127,10360.17127,103.6017127,1.036017127
002127.SZ,002127,南极电商,20120411,5.35,5.53,5.28,5.48,5.61,-0.13,-2.32,143598.73,77826.3628,7782.636280000001,77.82636280000001,0.7782636280000002
002127.SZ,002127,南极电商,20120412,5.41,5.54,5.36,5.53,5.48,0.05,0.91,86162.94,47013.0052,4701.30052,47.0130052,0.4701300519999999
002127.SZ,002127,南极电商,20120413,5.53,5.53,5.42,5.46,5.53,-0.07,-1.27,62218.43,34069.7968,3406.9796799999995,34.06979679999999,0.3406979679999999
002127.SZ,002127,南极电商,20120416,5.46,5.48,5.37,5.42,5.46,-0.04,-0.73,40807.44,22124.0718,2212.40718,22.124071800000003,0.221240718
002127.SZ,002127,南极电商,20120417,5.44,5.48,5.37,5.38,5.42,-0.04,-0.74,30933.43,16788.2435,1678.82435,16.7882435,0.167882435
002127.SZ,002127,南极电商,20120418,5.38,5.53,5.37,5.5,5.38,0.12,2.23,47988.12,26243.084,2624.3084,26.243084,0.26243084
002127.SZ,002127,南极电商,20120419,5.5,5.55,5.47,5.51,5.5,0.01,0.18,40768.69,22451.997,2245.1997,22.451997,0.22451997
002127.SZ,002127,南极电商,20120420,5.51,5.68,5.45,5.66,5.51,0.15,2.72,69918.37,38964.4355,3896.44355,38.9644355,0.389644355
002127.SZ,002127,南极电商,20120423,5.63,5.65,5.41,5.43,5.66,-0.23,-4.06,59726.75,32984.3629,3298.43629,32.9843629,0.329843629
002127.SZ,002127,南极电商,20120424,5.38,5.43,5.02,5.2,5.43,-0.23,-4.24,68183.66,35369.6737,3536.96737,35.3696737,0.353696737
002127.SZ,002127,南极电商,20120425,5.2,5.27,5.11,5.25,5.2,0.05,0.96,39281.61,20427.2046,2042.72046,20.4272046,0.2042720459999999
002127.SZ,002127,南极电商,20120426,5.25,5.29,5.17,5.19,5.25,-0.06,-1.14,32249.21,16828.0795,1682.80795,16.828079499999998,0.1682807949999999
002127.SZ,002127,南极电商,20120427,5.2,5.22,5.09,5.11,5.19,-0.08,-1.54,26542.36,13662.4107,1366.24107,13.6624107,0.136624107
002127.SZ,002127,南极电商,20120502,5.21,5.23,5.16,5.17,5.11,0.06,1.17,31873.69,16554.7718,1655.47718,16.554771799999997,0.1655477179999999
002127.SZ,002127,南极电商,20120503,5.18,5.21,5.11,5.2,5.17,0.03,0.58,27691.0,14320.9559,1432.09559,14.3209559,0.143209559
002127.SZ,002127,南极电商,20120504,5.19,5.28,5.17,5.25,5.2,0.05,0.96,32470.52,16987.0214,1698.70214,16.9870214,0.169870214
002127.SZ,002127,南极电商,20120507,5.24,5.25,5.17,5.24,5.25,-0.01,-0.19,25000.75,13012.0001,1301.20001,13.0120001,0.1301200009999999
002127.SZ,002127,南极电商,20120508,5.24,5.31,5.2,5.28,5.24,0.04,0.76,36054.88,18960.9448,1896.09448,18.960944800000004,0.189609448
002127.SZ,002127,南极电商,20120509,5.26,5.33,5.22,5.33,5.28,0.05,0.95,48413.58,25592.4684,2559.24684,25.5924684,0.255924684
002127.SZ,002127,南极电商,20120510,5.32,5.43,5.32,5.4,5.33,0.07,1.31,54957.45,29552.6886,2955.26886,29.5526886,0.295526886
002127.SZ,002127,南极电商,20120511,5.39,5.41,5.21,5.22,5.4,-0.18,-3.33,36873.09,19640.0779,1964.00779,19.6400779,0.196400779
002127.SZ,002127,南极电商,20120514,5.27,5.27,5.17,5.18,5.22,-0.04,-0.77,30140.8,15725.5339,1572.55339,15.7255339,0.157255339
002127.SZ,002127,南极电商,20120515,5.15,5.17,5.04,5.15,5.18,-0.03,-0.58,20570.0,10495.7383,1049.57383,10.4957383,0.104957383
002127.SZ,002127,南极电商,20120516,5.15,5.15,5.05,5.05,5.15,-0.1,-1.94,24986.02,12700.4991,1270.0499100000002,12.700499100000002,0.127004991
002127.SZ,002127,南极电商,20120517,5.05,5.17,5.04,5.13,5.05,0.08,1.58,19689.83,10062.8603,1006.28603,10.0628603,0.100628603
002127.SZ,002127,南极电商,20120518,5.12,5.22,5.1,5.11,5.13,-0.02,-0.39,19951.8,10278.7987,1027.87987,10.2787987,0.102787987
002127.SZ,002127,南极电商,20120522,5.14,5.22,5.11,5.2,5.11,0.09,1.76,27801.98,14400.6902,1440.06902,14.4006902,0.144006902
002127.SZ,002127,南极电商,20120523,5.2,5.21,5.1,5.1,5.2,-0.1,-1.92,20841.75,10710.9103,1071.09103,10.7109103,0.107109103
002127.SZ,002127,南极电商,20120524,5.11,5.16,5.06,5.08,5.1,-0.02,-0.39,17753.76,9066.7988,906.67988,9.0667988,0.090667988
002127.SZ,002127,南极电商,20120525,5.08,5.14,4.96,4.98,5.08,-0.1,-1.97,19551.07,9825.5383,982.55383,9.8255383,0.098255383
002127.SZ,002127,南极电商,20120528,4.97,5.04,4.8,5.02,4.98,0.04,0.8,19800.62,9734.2368,973.42368,9.7342368,0.097342368
002127.SZ,002127,南极电商,20120529,5.01,5.18,4.96,5.15,5.02,0.13,2.59,33573.73,17095.8684,1709.58684,17.0958684,0.170958684
002127.SZ,002127,南极电商,20120530,5.15,5.16,5.09,5.12,5.15,-0.03,-0.58,18979.58,9728.1189,972.81189,9.7281189,0.097281189
002127.SZ,002127,南极电商,20120531,5.08,5.35,5.07,5.25,5.12,0.13,2.54,65304.88,34171.4655,3417.14655,34.1714655,0.341714655
002127.SZ,002127,南极电商,20120601,5.22,5.31,5.19,5.28,5.25,0.03,0.57,31858.2,16738.521,1673.8521,16.738521000000002,0.16738521
002127.SZ,002127,南极电商,20120604,5.22,5.25,5.11,5.13,5.28,-0.15,-2.84,32727.99,16894.8542,1689.4854200000002,16.8948542,0.168948542
002127.SZ,002127,南极电商,20120605,5.13,5.17,5.06,5.12,5.13,-0.01,-0.19,13173.55,6740.2586,674.02586,6.7402586,0.067402586
002127.SZ,002127,南极电商,20120606,5.11,5.19,5.09,5.11,5.12,-0.01,-0.2,11544.75,5930.1331,593.01331,5.930133100000001,0.059301331
002127.SZ,002127,南极电商,20120607,5.13,5.27,5.13,5.24,5.11,0.13,2.54,44866.26,23416.4288,2341.6428800000003,23.4164288,0.234164288
002127.SZ,002127,南极电商,20120608,5.28,5.3,5.17,5.28,5.24,0.04,0.76,35998.13,18859.1779,1885.91779,18.8591779,0.188591779
002127.SZ,002127,南极电商,20120611,5.24,5.41,5.19,5.41,5.28,0.13,2.46,50211.08,26777.0221,2677.70221,26.7770221,0.267770221
002127.SZ,002127,南极电商,20120612,5.36,5.4,5.32,5.38,5.41,-0.03,-0.55,27166.58,14576.1901,1457.61901,14.576190099999998,0.1457619009999999
002127.SZ,002127,南极电商,20120613,5.38,5.73,5.32,5.66,5.38,0.28,5.2,204468.75,112996.9373,11299.69373,112.9969373,1.1299693730000002
002127.SZ,002127,南极电商,20120614,5.64,5.86,5.56,5.74,5.66,0.08,1.41,262813.23,150090.233,15009.0233,150.090233,1.5009023300000002
002127.SZ,002127,南极电商,20120615,5.77,5.83,5.62,5.75,5.74,0.01,0.17,216595.73,124504.9366,12450.49366,124.5049366,1.2450493660000002
002127.SZ,002127,南极电商,20120618,5.8,5.83,5.4,5.51,5.75,-0.24,-4.17,225671.4,125341.4286,12534.14286,125.3414286,1.253414286
002127.SZ,002127,南极电商,20120619,5.37,5.44,5.28,5.33,5.51,-0.18,-3.27,105128.88,56051.547,5605.1547,56.051547,0.56051547
002127.SZ,002127,南极电商,20120620,5.33,5.35,5.17,5.19,5.33,-0.14,-2.63,71534.42,37507.8551,3750.78551,37.5078551,0.375078551
002127.SZ,002127,南极电商,20120621,5.19,5.2,5.05,5.07,5.19,-0.12,-2.31,49285.33,25118.24,2511.824,25.11824,0.2511824
002127.SZ,002127,南极电商,20120625,5.07,5.1,4.94,4.96,5.07,-0.11,-2.17,39014.73,19662.6867,1966.26867,19.6626867,0.1966268669999999
002127.SZ,002127,南极电商,20120626,4.95,5.01,4.87,4.99,4.96,0.03,0.6,38398.19,18898.6317,1889.86317,18.8986317,0.188986317
002127.SZ,002127,南极电商,20120627,4.98,5.01,4.88,4.88,4.99,-0.11,-2.2,35014.62,17310.2436,1731.02436,17.3102436,0.173102436
002127.SZ,002127,南极电商,20120628,4.93,4.93,4.74,4.74,4.88,-0.14,-2.87,26506.68,12831.2854,1283.1285400000002,12.831285400000002,0.128312854
002127.SZ,002127,南极电商,20120629,4.73,4.79,4.65,4.77,4.74,0.03,0.63,25285.53,11958.8995,1195.88995,11.9588995,0.1195889949999999
002127.SZ,002127,南极电商,20120702,4.79,4.82,4.68,4.7,4.77,-0.07,-1.47,29298.65,13951.9673,1395.19673,13.951967300000002,0.139519673
002127.SZ,002127,南极电商,20120703,4.68,4.68,4.35,4.47,4.7,-0.23,-4.89,82326.62,36813.9511,3681.39511,36.8139511,0.368139511
002127.SZ,002127,南极电商,20120704,4.45,4.45,4.36,4.4,4.47,-0.07,-1.57,44935.66,19763.3186,1976.33186,19.7633186,0.197633186
002127.SZ,002127,南极电商,20120705,4.37,4.37,4.18,4.23,4.4,-0.17,-3.86,36882.97,15669.4381,1566.94381,15.6694381,0.156694381
002127.SZ,002127,南极电商,20120706,4.22,4.33,4.15,4.31,4.21,0.1,2.38,32833.36,13912.8066,1391.28066,13.9128066,0.139128066
002127.SZ,002127,南极电商,20120709,4.26,4.31,4.16,4.18,4.31,-0.13,-3.02,26657.0,11282.1151,1128.21151,11.2821151,0.112821151
002127.SZ,002127,南极电商,20120710,4.15,4.24,4.1,4.18,4.18,0.0,0.0,19937.04,8331.6426,833.1642599999999,8.331642599999999,0.0833164259999999
002127.SZ,002127,南极电商,20120711,4.17,4.25,4.14,4.25,4.18,0.07,1.67,16657.29,7018.1612,701.81612,7.0181612,0.070181612
002127.SZ,002127,南极电商,20120712,4.24,4.31,4.17,4.27,4.25,0.02,0.47,23369.86,9927.1208,992.71208,9.9271208,0.099271208
002127.SZ,002127,南极电商,20120713,4.25,4.28,4.2,4.21,4.27,-0.06,-1.41,17570.81,7446.506,744.6506,7.446506,0.07446506
002127.SZ,002127,南极电商,20120716,4.21,4.22,3.93,3.95,4.21,-0.26,-6.18,31756.83,12777.7054,1277.77054,12.7777054,0.127777054
002127.SZ,002127,南极电商,20120717,3.95,4.28,3.89,4.07,3.95,0.12,3.04,33661.18,13594.5146,1359.45146,13.5945146,0.135945146
002127.SZ,002127,南极电商,20120718,4.02,4.1,3.96,4.09,4.07,0.02,0.49,23487.1,9462.6169,946.26169,9.4626169,0.094626169
002127.SZ,002127,南极电商,20120719,4.03,4.23,4.03,4.19,4.09,0.1,2.45,37945.28,15809.7757,1580.97757,15.8097757,0.158097757
002127.SZ,002127,南极电商,20120720,4.17,4.23,4.14,4.18,4.19,-0.01,-0.24,19923.4,8336.6865,833.66865,8.336686499999999,0.0833668649999999
002127.SZ,002127,南极电商,20120723,4.13,4.14,4.04,4.07,4.18,-0.11,-2.63,18451.62,7543.8632,754.38632,7.5438632,0.0754386319999999
002127.SZ,002127,南极电商,20120724,4.07,4.18,4.01,4.17,4.07,0.1,2.46,21965.86,9039.9894,903.99894,9.0399894,0.090399894
002127.SZ,002127,南极电商,20120725,4.12,4.19,4.09,4.13,4.17,-0.04,-0.96,15037.83,6224.1187,622.41187,6.2241187,0.062241187
002127.SZ,002127,南极电商,20120726,4.09,4.18,4.05,4.05,4.13,-0.08,-1.94,19059.02,7840.9763,784.09763,7.840976299999999,0.078409763
002127.SZ,002127,南极电商,20120727,4.07,4.1,4.03,4.06,4.05,0.01,0.25,13202.09,5366.2482,536.62482,5.3662482,0.053662482
002127.SZ,002127,南极电商,20120730,4.01,4.05,3.86,3.9,4.06,-0.16,-3.94,27032.96,10627.171,1062.7171,10.627171,0.10627171
002127.SZ,002127,南极电商,20120731,3.85,3.9,3.64,3.72,3.9,-0.18,-4.62,27288.67,10156.6314,1015.66314,10.1566314,0.101566314
002127.SZ,002127,南极电商,20120801,3.7,3.82,3.67,3.76,3.72,0.04,1.08,16113.69,6055.226,605.5226,6.055226,0.06055226
002127.SZ,002127,南极电商,20120802,3.78,3.78,3.68,3.7,3.76,-0.06,-1.6,16935.73,6302.431,630.2430999999999,6.302431,0.06302431
002127.SZ,002127,南极电商,20120803,3.72,3.8,3.66,3.79,3.7,0.09,2.43,19884.8,7463.0719,746.30719,7.4630719,0.074630719
002127.SZ,002127,南极电商,20120806,3.78,3.87,3.75,3.86,3.79,0.07,1.85,24093.23,9200.4809,920.04809,9.2004809,0.092004809
002127.SZ,002127,南极电商,20120807,3.85,4.07,3.83,4.02,3.86,0.16,4.15,47830.33,19029.2356,1902.92356,19.0292356,0.190292356
002127.SZ,002127,南极电商,20120808,4.03,4.14,3.98,4.09,4.02,0.07,1.74,47838.34,19450.5115,1945.05115,19.4505115,0.194505115
002127.SZ,002127,南极电商,20120809,4.09,4.14,4.0,4.11,4.09,0.02,0.49,41070.96,16622.6226,1662.26226,16.6226226,0.166226226
002127.SZ,002127,南极电商,20120810,4.14,4.45,4.07,4.32,4.11,0.21,5.11,91107.62,38520.3416,3852.03416,38.5203416,0.385203416
002127.SZ,002127,南极电商,20120813,4.3,4.32,4.09,4.15,4.32,-0.17,-3.94,56349.99,23552.458,2355.2458,23.552458,0.2355245799999999
002127.SZ,002127,南极电商,20120814,4.15,4.18,4.01,4.1,4.15,-0.05,-1.2,31291.7,12755.6967,1275.56967,12.7556967,0.127556967
002127.SZ,002127,南极电商,20120815,4.09,4.22,4.0,4.13,4.1,0.03,0.73,48096.03,19670.0803,1967.00803,19.6700803,0.196700803
002127.SZ,002127,南极电商,20120816,4.09,4.1,4.03,4.03,4.13,-0.1,-2.42,19212.5,7790.0969,779.00969,7.7900969,0.077900969
002127.SZ,002127,南极电商,20120817,4.12,4.12,3.98,4.03,4.03,0.0,0.0,11260.67,4533.3371,453.33371,4.5333371,0.045333371
002127.SZ,002127,南极电商,20120820,4.03,4.03,3.92,3.97,4.03,-0.06,-1.49,12576.19,4977.1961,497.71961,4.9771961,0.0497719609999999
002127.SZ,002127,南极电商,20120821,3.96,4.08,3.96,4.04,3.97,0.07,1.76,15002.13,6060.0874,606.00874,6.0600874,0.060600874
002127.SZ,002127,南极电商,20120822,4.03,4.09,3.97,3.99,4.04,-0.05,-1.24,21646.82,8724.606,872.4606,8.724606,0.08724606
002127.SZ,002127,南极电商,20120823,3.98,4.05,3.97,4.05,3.99,0.06,1.5,14533.36,5833.7608,583.37608,5.8337608,0.058337608
002127.SZ,002127,南极电商,20120824,4.04,4.06,3.95,3.95,4.05,-0.1,-2.47,14216.55,5679.5039,567.95039,5.679503899999999,0.0567950389999999
002127.SZ,002127,南极电商,20120827,3.94,3.94,3.78,3.8,3.95,-0.15,-3.8,14012.74,5365.0273,536.5027299999999,5.3650273,0.053650273
002127.SZ,002127,南极电商,20120828,3.78,3.88,3.72,3.83,3.8,0.03,0.79,8691.53,3328.1298,332.81298000000004,3.3281298000000006,0.033281298
002127.SZ,002127,南极电商,20120829,3.81,3.87,3.81,3.82,3.83,-0.01,-0.26,9142.3,3510.4928,351.04928,3.5104928,0.035104928
002127.SZ,002127,南极电商,20120830,3.83,3.86,3.7,3.74,3.82,-0.08,-2.09,10372.31,3916.3189,391.63189,3.9163189,0.039163189
002127.SZ,002127,南极电商,20120831,3.74,3.81,3.74,3.81,3.74,0.07,1.87,6655.62,2513.5479,251.35479,2.5135479000000003,0.025135479
002127.SZ,002127,南极电商,20120903,3.8,3.9,3.8,3.88,3.81,0.07,1.84,11991.29,4635.1557,463.51557,4.6351557,0.046351557
002127.SZ,002127,南极电商,20120904,3.9,3.9,3.76,3.83,3.88,-0.05,-1.29,12755.8,4884.3115,488.43115,4.8843115,0.048843115
002127.SZ,002127,南极电商,20120905,3.78,3.87,3.74,3.86,3.83,0.03,0.78,18305.29,6955.4161,695.54161,6.9554161,0.069554161
002127.SZ,002127,南极电商,20120906,3.87,3.91,3.85,3.9,3.86,0.04,1.04,15949.41,6204.415,620.4415,6.204415,0.06204415
002127.SZ,002127,南极电商,20120907,3.92,4.07,3.92,4.02,3.9,0.12,3.08,37736.17,15105.0348,1510.50348,15.1050348,0.1510503479999999
002127.SZ,002127,南极电商,20120910,4.03,4.07,4.0,4.05,4.02,0.03,0.75,31322.52,12639.6241,1263.96241,12.6396241,0.126396241
002127.SZ,002127,南极电商,20120911,4.02,4.06,3.99,4.05,4.05,0.0,0.0,28653.93,11529.8101,1152.98101,11.5298101,0.1152981009999999
002127.SZ,002127,南极电商,20120912,4.2,4.46,4.18,4.46,4.05,0.41,10.12,117916.03,52205.6609,5220.56609,52.205660900000005,0.5220566090000001
002127.SZ,002127,南极电商,20120913,4.61,4.7,4.32,4.37,4.46,-0.09,-2.02,222479.37,100197.505,10019.7505,100.197505,1.00197505
002127.SZ,002127,南极电商,20120914,4.26,4.37,4.15,4.27,4.37,-0.1,-2.29,111904.78,47493.091,4749.3091,47.49309100000001,0.4749309100000001
002127.SZ,002127,南极电商,20120917,4.28,4.28,4.07,4.08,4.27,-0.19,-4.45,58410.44,24247.5358,2424.75358,24.2475358,0.242475358
002127.SZ,002127,南极电商,20120918,4.02,4.1,4.01,4.02,4.08,-0.06,-1.47,37835.31,15312.6883,1531.26883,15.3126883,0.153126883
002127.SZ,002127,南极电商,20120919,4.05,4.11,4.02,4.08,4.02,0.06,1.49,27428.37,11135.3367,1113.53367,11.1353367,0.111353367
002127.SZ,002127,南极电商,20120920,4.06,4.07,3.81,3.83,4.08,-0.25,-6.13,49628.3,19494.9544,1949.49544,19.4949544,0.1949495439999999
002127.SZ,002127,南极电商,20120921,3.81,3.85,3.77,3.78,3.83,-0.05,-1.31,31290.31,11937.343,1193.7343,11.937343,0.11937343
002127.SZ,002127,南极电商,20120924,3.76,3.82,3.7,3.82,3.78,0.04,1.06,21720.19,8184.1818,818.41818,8.1841818,0.081841818
002127.SZ,002127,南极电商,20120925,3.78,3.84,3.73,3.76,3.82,-0.06,-1.57,20605.27,7792.6012,779.26012,7.7926012,0.077926012
002127.SZ,002127,南极电商,20120926,3.77,3.8,3.65,3.65,3.76,-0.11,-2.93,19112.6,7087.3087,708.73087,7.0873087,0.070873087
002127.SZ,002127,南极电商,20120927,3.63,3.78,3.63,3.74,3.65,0.09,2.47,19630.28,7287.0137,728.70137,7.2870137,0.072870137
002127.SZ,002127,南极电商,20120928,3.72,3.82,3.71,3.81,3.74,0.07,1.87,22000.22,8325.6358,832.56358,8.3256358,0.083256358
002127.SZ,002127,南极电商,20121009,3.81,3.94,3.81,3.92,3.81,0.11,2.89,31758.73,12392.8722,1239.28722,12.3928722,0.1239287219999999
002127.SZ,002127,南极电商,20121010,3.92,4.05,3.89,4.05,3.92,0.13,3.32,39775.77,15841.5666,1584.15666,15.8415666,0.158415666
002127.SZ,002127,南极电商,20121011,4.01,4.1,3.91,3.92,4.05,-0.13,-3.21,42662.74,17043.0957,1704.30957,17.043095700000002,0.170430957
002127.SZ,002127,南极电商,20121012,3.91,4.08,3.91,3.97,3.92,0.05,1.28,33849.13,13521.6723,1352.16723,13.5216723,0.135216723
002127.SZ,002127,南极电商,20121015,3.91,3.95,3.79,3.85,3.97,-0.12,-3.02,31687.68,12172.9866,1217.29866,12.1729866,0.1217298659999999
002127.SZ,002127,南极电商,20121016,3.84,3.89,3.8,3.82,3.85,-0.03,-0.78,15779.86,6072.2482,607.22482,6.072248200000001,0.060722482
002127.SZ,002127,南极电商,20121017,3.82,3.88,3.77,3.85,3.82,0.03,0.79,20174.9,7716.2595,771.62595,7.7162595,0.077162595
002127.SZ,002127,南极电商,20121018,3.87,4.19,3.83,4.0,3.85,0.15,3.9,59461.5,23986.2075,2398.62075,23.9862075,0.2398620749999999
002127.SZ,002127,南极电商,20121019,3.96,4.01,3.92,3.98,4.0,-0.02,-0.5,36515.35,14457.9785,1445.79785,14.4579785,0.144579785
002127.SZ,002127,南极电商,20121022,3.95,4.05,3.92,4.01,3.98,0.03,0.75,26583.31,10640.5829,1064.05829,10.6405829,0.106405829
002127.SZ,002127,南极电商,20121023,4.02,4.02,3.94,3.99,4.01,-0.02,-0.5,26741.84,10623.8702,1062.38702,10.6238702,0.1062387019999999
002127.SZ,002127,南极电商,20121024,3.97,4.01,3.93,3.99,3.99,0.0,0.0,25363.77,10111.6233,1011.16233,10.111623299999998,0.1011162329999999
002127.SZ,002127,南极电商,20121025,4.01,4.05,3.94,3.97,3.99,-0.02,-0.5,26646.21,10662.3422,1066.2342199999998,10.662342199999998,0.1066234219999999
002127.SZ,002127,南极电商,20121026,3.97,4.01,3.79,3.81,3.97,-0.16,-4.03,29014.47,11181.5337,1118.15337,11.1815337,0.1118153369999999
002127.SZ,002127,南极电商,20121029,3.8,3.83,3.75,3.77,3.81,-0.04,-1.05,17769.86,6711.856,671.1856,6.711856,0.06711856
002127.SZ,002127,南极电商,20121030,3.77,3.82,3.76,3.76,3.77,-0.01,-0.27,12533.04,4744.8191,474.48191,4.7448191,0.047448191
002127.SZ,002127,南极电商,20121031,3.74,3.81,3.74,3.8,3.76,0.04,1.06,12337.66,4653.1857,465.31857,4.6531857,0.0465318569999999
002127.SZ,002127,南极电商,20121101,3.83,3.97,3.8,3.94,3.8,0.14,3.68,45695.45,17871.5019,1787.1501899999998,17.8715019,0.1787150189999999
002127.SZ,002127,南极电商,20121102,3.92,3.95,3.88,3.92,3.94,-0.02,-0.51,13652.44,5343.8634,534.38634,5.3438634,0.053438634
002127.SZ,002127,南极电商,20121105,3.91,3.93,3.86,3.9,3.92,-0.02,-0.51,14364.02,5587.1928,558.71928,5.5871928,0.055871928
002127.SZ,002127,南极电商,20121106,3.9,3.9,3.78,3.83,3.9,-0.07,-1.79,16335.81,6237.7334,623.77334,6.2377334,0.062377334
002127.SZ,002127,南极电商,20121107,3.83,3.87,3.8,3.86,3.83,0.03,0.78,8294.43,3180.8805,318.08805,3.1808805,0.031808805
002127.SZ,002127,南极电商,20121108,3.83,3.85,3.75,3.78,3.86,-0.08,-2.07,12899.95,4897.3665,489.73665,4.8973665,0.048973665
002127.SZ,002127,南极电商,20121109,3.79,3.79,3.7,3.73,3.78,-0.05,-1.32,16106.1,6009.971,600.9970999999999,6.009970999999999,0.0600997099999999
002127.SZ,002127,南极电商,20121112,3.73,3.77,3.73,3.77,3.73,0.04,1.07,11293.33,4238.5666,423.85666,4.2385666,0.042385666
002127.SZ,002127,南极电商,20121113,3.76,3.78,3.71,3.72,3.77,-0.05,-1.33,8741.82,3264.9422,326.49422,3.2649422,0.032649422
002127.SZ,002127,南极电商,20121114,3.7,3.73,3.64,3.72,3.72,0.0,0.0,8022.58,2966.2711,296.62711,2.9662711,0.029662711
002127.SZ,002127,南极电商,20121115,3.71,3.72,3.66,3.67,3.72,-0.05,-1.34,8756.1,3226.4046,322.64046,3.2264045999999995,0.032264046
002127.SZ,002127,南极电商,20121116,3.66,3.68,3.59,3.65,3.67,-0.02,-0.55,11218.48,4065.0341,406.50341,4.0650341,0.040650341
002127.SZ,002127,南极电商,20121119,3.65,3.7,3.6,3.68,3.65,0.03,0.82,10055.76,3664.1998,366.41998,3.6641998,0.036641998
002127.SZ,002127,南极电商,20121120,3.7,3.71,3.65,3.65,3.68,-0.03,-0.82,4856.88,1781.9494,178.19494,1.7819494,0.017819494
002127.SZ,002127,南极电商,20121121,3.68,3.68,3.55,3.66,3.65,0.01,0.27,10924.35,3959.5358,395.95358,3.9595358,0.039595358
002127.SZ,002127,南极电商,20121122,3.65,3.65,3.59,3.6,3.66,-0.06,-1.64,8363.02,3022.46,302.246,3.02246,0.0302245999999999
002127.SZ,002127,南极电商,20121123,3.6,3.64,3.59,3.63,3.6,0.03,0.83,9103.13,3289.0184,328.90184,3.2890184,0.0328901839999999
002127.SZ,002127,南极电商,20121126,3.6,3.62,3.57,3.58,3.63,-0.05,-1.38,6050.5,2172.172,217.2172,2.172172,0.0217217199999999
002127.SZ,002127,南极电商,20121127,3.58,3.58,3.34,3.35,3.58,-0.23,-6.42,16657.17,5733.4948,573.3494800000001,5.733494800000001,0.057334948
002127.SZ,002127,南极电商,20121128,3.33,3.33,3.2,3.21,3.35,-0.14,-4.18,13504.76,4394.0109,439.40109,4.3940109000000005,0.043940109
002127.SZ,002127,南极电商,20121129,3.2,3.28,3.19,3.21,3.21,0.0,0.0,8434.1,2736.2966,273.62966,2.7362966,0.027362966
002127.SZ,002127,南极电商,20121130,3.18,3.27,3.14,3.25,3.21,0.04,1.25,11004.95,3543.7199,354.37199,3.5437199,0.0354371989999999
002127.SZ,002127,南极电商,20121203,3.24,3.25,3.17,3.17,3.25,-0.08,-2.46,6689.72,2150.9302,215.09302,2.1509301999999995,0.0215093019999999
002127.SZ,002127,南极电商,20121204,3.15,3.21,3.1,3.2,3.17,0.03,0.95,10016.06,3159.7565,315.97565,3.1597565,0.031597565
002127.SZ,002127,南极电商,20121205,3.18,3.35,3.09,3.32,3.2,0.12,3.75,22402.54,7367.3545,736.73545,7.3673545,0.073673545
002127.SZ,002127,南极电商,20121206,3.3,3.36,3.27,3.28,3.32,-0.04,-1.2,16175.81,5346.6712,534.66712,5.346671199999999,0.0534667119999999
002127.SZ,002127,南极电商,20121207,3.27,3.39,3.25,3.36,3.28,0.08,2.44,16757.39,5591.2725,559.12725,5.5912725,0.0559127249999999
002127.SZ,002127,南极电商,20121210,3.36,3.45,3.35,3.45,3.36,0.09,2.68,16880.48,5749.96,574.996,5.74996,0.0574996
002127.SZ,002127,南极电商,20121211,3.4,3.48,3.39,3.41,3.45,-0.04,-1.16,20061.8,6868.6961,686.86961,6.868696099999999,0.0686869609999999
002127.SZ,002127,南极电商,20121212,3.41,3.44,3.34,3.39,3.41,-0.02,-0.59,13268.68,4478.8535,447.88535,4.4788535000000005,0.044788535
002127.SZ,002127,南极电商,20121213,3.38,3.44,3.35,3.36,3.39,-0.03,-0.89,14329.41,4874.0615,487.40615,4.8740615,0.048740615
002127.SZ,002127,南极电商,20121214,3.39,3.5,3.35,3.49,3.36,0.13,3.87,27799.06,9618.9064,961.89064,9.6189064,0.096189064
002127.SZ,002127,南极电商,20121217,3.48,3.63,3.46,3.58,3.49,0.09,2.58,37825.95,13317.7932,1331.77932,13.3177932,0.133177932
002127.SZ,002127,南极电商,20121218,3.54,3.7,3.49,3.61,3.58,0.03,0.84,34037.85,12173.1001,1217.31001,12.1731001,0.1217310009999999
002127.SZ,002127,南极电商,20121219,3.57,3.59,3.5,3.54,3.61,-0.07,-1.94,23217.2,8198.7372,819.8737199999999,8.1987372,0.081987372
002127.SZ,002127,南极电商,20121220,3.5,3.53,3.45,3.51,3.54,-0.03,-0.85,16513.26,5761.4436,576.14436,5.7614436,0.057614436
002127.SZ,002127,南极电商,20121221,3.51,3.54,3.43,3.45,3.51,-0.06,-1.71,20035.84,6957.6623,695.76623,6.957662299999999,0.0695766229999999
002127.SZ,002127,南极电商,20121224,3.45,3.49,3.42,3.46,3.45,0.01,0.29,10500.08,3631.7906,363.17906,3.6317906,0.036317906
002127.SZ,002127,南极电商,20121225,3.45,3.55,3.43,3.54,3.46,0.08,2.31,24060.23,8459.6513,845.9651299999999,8.459651299999999,0.0845965129999999
002127.SZ,002127,南极电商,20121226,3.52,3.63,3.51,3.61,3.54,0.07,1.98,32776.5,11719.0061,1171.90061,11.7190061,0.117190061
002127.SZ,002127,南极电商,20121227,3.61,3.65,3.53,3.57,3.61,-0.04,-1.11,36056.37,12959.2134,1295.92134,12.9592134,0.129592134
002127.SZ,002127,南极电商,20121228,3.58,3.69,3.57,3.64,3.57,0.07,1.96,29513.02,10720.6306,1072.06306,10.7206306,0.107206306
002127.SZ,002127,南极电商,20121231,3.64,3.68,3.61,3.64,3.64,0.0,0.0,15775.68,5745.7719,574.57719,5.745771899999999,0.0574577189999999
002127.SZ,002127,南极电商,20130104,3.67,3.75,3.6,3.63,3.64,-0.01,-0.27,24772.03,9051.319,905.1319,9.051319,0.09051319
002127.SZ,002127,南极电商,20130107,3.63,3.76,3.6,3.76,3.63,0.13,3.58,31905.25,11722.4704,1172.24704,11.7224704,0.1172247039999999
002127.SZ,002127,南极电商,20130108,3.75,3.76,3.67,3.73,3.76,-0.03,-0.8,35240.16,13109.9189,1310.99189,13.1099189,0.131099189
002127.SZ,002127,南极电商,20130109,3.72,3.83,3.71,3.77,3.73,0.04,1.07,37885.69,14275.8389,1427.58389,14.275838900000002,0.142758389
002127.SZ,002127,南极电商,20130110,3.77,3.92,3.74,3.88,3.77,0.11,2.92,66060.75,25552.6329,2555.26329,25.5526329,0.255526329
002127.SZ,002127,南极电商,20130111,3.88,3.88,3.7,3.71,3.88,-0.17,-4.38,32815.66,12406.095,1240.6095,12.406095,0.12406095
002127.SZ,002127,南极电商,20130114,3.7,3.81,3.66,3.8,3.71,0.09,2.43,25352.06,9498.108,949.8108,9.498108,0.09498108
002127.SZ,002127,南极电商,20130115,3.81,3.88,3.78,3.86,3.8,0.06,1.58,27184.53,10446.1475,1044.61475,10.4461475,0.104461475
002127.SZ,002127,南极电商,20130116,3.85,3.88,3.79,3.85,3.86,-0.01,-0.26,22557.8,8644.7861,864.4786099999999,8.6447861,0.0864478609999999
002127.SZ,002127,南极电商,20130117,3.84,3.87,3.77,3.81,3.85,-0.04,-1.04,17232.86,6584.879,658.4879,6.584879,0.06584879
002127.SZ,002127,南极电商,20130118,3.81,3.88,3.77,3.86,3.81,0.05,1.31,22027.49,8441.7809,844.17809,8.4417809,0.084417809
002127.SZ,002127,南极电商,20130121,3.86,3.88,3.83,3.88,3.86,0.02,0.52,20460.15,7895.0999,789.50999,7.8950999,0.078950999
002127.SZ,002127,南极电商,20130122,3.88,3.88,3.75,3.78,3.88,-0.1,-2.58,25776.05,9826.5448,982.65448,9.8265448,0.0982654479999999
002127.SZ,002127,南极电商,20130123,3.75,3.8,3.7,3.75,3.78,-0.03,-0.79,15820.02,5920.4902,592.04902,5.920490200000001,0.059204902
002127.SZ,002127,南极电商,20130124,3.74,3.8,3.58,3.62,3.75,-0.13,-3.47,26675.74,9803.0461,980.30461,9.8030461,0.098030461
002127.SZ,002127,南极电商,20130125,3.63,3.64,3.58,3.59,3.62,-0.03,-0.83,11686.68,4216.0538,421.60538,4.2160538,0.042160538
002127.SZ,002127,南极电商,20130128,3.59,3.95,3.59,3.82,3.59,0.23,6.41,128743.3,49949.2863,4994.92863,49.9492863,0.499492863
002127.SZ,002127,南极电商,20130129,3.82,3.88,3.78,3.86,3.82,0.04,1.05,56051.04,21501.6237,2150.16237,21.5016237,0.215016237
002127.SZ,002127,南极电商,20130130,3.82,3.84,3.71,3.81,3.86,-0.05,-1.3,45667.83,17267.3164,1726.73164,17.2673164,0.172673164
002127.SZ,002127,南极电商,20130131,3.81,3.83,3.72,3.8,3.81,-0.01,-0.26,27711.52,10456.6818,1045.66818,10.456681800000002,0.104566818
002127.SZ,002127,南极电商,20130201,3.76,3.82,3.76,3.81,3.8,0.01,0.26,21355.14,8108.512,810.8512,8.108512,0.08108512
002127.SZ,002127,南极电商,20130204,3.81,3.81,3.74,3.77,3.81,-0.04,-1.05,16443.85,6197.2818,619.72818,6.1972818,0.061972818
002127.SZ,002127,南极电商,20130205,3.76,3.9,3.71,3.9,3.77,0.13,3.45,90800.55,34933.029,3493.3029,34.933029000000005,0.34933029
002127.SZ,002127,南极电商,20130206,3.88,4.13,3.87,4.04,3.9,0.14,3.59,126947.09,50904.2476,5090.42476,50.9042476,0.509042476
002127.SZ,002127,南极电商,20130207,4.07,4.09,3.96,4.01,4.04,-0.03,-0.74,48644.15,19622.1676,1962.21676,19.6221676,0.196221676
002127.SZ,002127,南极电商,20130208,4.01,4.06,3.98,4.01,4.01,0.0,0.0,26823.01,10757.4971,1075.74971,10.7574971,0.107574971
002127.SZ,002127,南极电商,20130218,4.03,4.1,3.97,4.08,4.01,0.07,1.75,34125.92,13808.9234,1380.89234,13.8089234,0.138089234
002127.SZ,002127,南极电商,20130219,4.08,4.37,4.0,4.03,4.08,-0.05,-1.23,68239.65,28361.2667,2836.12667,28.3612667,0.283612667
002127.SZ,002127,南极电商,20130220,4.0,4.05,3.92,4.02,4.03,-0.01,-0.25,46963.24,18620.0195,1862.00195,18.6200195,0.1862001949999999
002127.SZ,002127,南极电商,20130221,4.02,4.02,3.87,3.9,4.02,-0.12,-2.99,30722.71,12023.9667,1202.39667,12.0239667,0.120239667
002127.SZ,002127,南极电商,20130222,3.86,3.93,3.85,3.89,3.9,-0.01,-0.26,19767.34,7696.8408,769.68408,7.6968408,0.076968408
002127.SZ,002127,南极电商,20130225,3.89,3.92,3.86,3.91,3.89,0.02,0.51,16112.29,6264.4155,626.44155,6.2644155,0.062644155
002127.SZ,002127,南极电商,20130226,3.88,3.94,3.84,3.84,3.91,-0.07,-1.79,17631.08,6849.1212,684.91212,6.8491212,0.068491212
002127.SZ,002127,南极电商,20130227,3.83,3.92,3.8,3.84,3.84,0.0,0.0,16393.96,6331.3793,633.13793,6.3313793,0.063313793
002127.SZ,002127,南极电商,20130228,3.84,3.96,3.8,3.93,3.84,0.09,2.34,32046.14,12478.7791,1247.87791,12.4787791,0.1247877909999999
002127.SZ,002127,南极电商,20130301,3.94,3.95,3.86,3.95,3.93,0.02,0.51,29445.57,11504.2284,1150.42284,11.5042284,0.115042284
002127.SZ,002127,南极电商,20130304,3.94,3.94,3.7,3.76,3.95,-0.19,-4.81,36779.96,13971.0482,1397.10482,13.9710482,0.139710482
002127.SZ,002127,南极电商,20130305,3.75,3.84,3.73,3.83,3.76,0.07,1.86,20538.52,7799.3038,779.93038,7.799303800000001,0.077993038
002127.SZ,002127,南极电商,20130306,3.83,3.91,3.81,3.87,3.83,0.04,1.04,29502.8,11400.9019,1140.09019,11.4009019,0.114009019
002127.SZ,002127,南极电商,20130307,3.87,3.95,3.84,3.9,3.87,0.03,0.78,31165.66,12183.3402,1218.33402,12.1833402,0.121833402
002127.SZ,002127,南极电商,20130308,3.87,3.9,3.85,3.88,3.9,-0.02,-0.51,16954.62,6570.911,657.0911,6.570911,0.06570911
002127.SZ,002127,南极电商,20130311,3.87,3.88,3.79,3.8,3.88,-0.08,-2.06,40161.35,15419.0093,1541.90093,15.4190093,0.154190093
002127.SZ,002127,南极电商,20130312,3.82,3.85,3.66,3.71,3.8,-0.09,-2.37,27837.99,10427.3467,1042.73467,10.4273467,0.104273467
002127.SZ,002127,南极电商,20130313,3.7,3.73,3.64,3.71,3.71,0.0,0.0,11287.89,4154.4212,415.44212,4.1544212,0.041544212
002127.SZ,002127,南极电商,20130314,3.7,3.76,3.68,3.72,3.71,0.01,0.27,15437.08,5745.6354,574.56354,5.7456354,0.057456354
002127.SZ,002127,南极电商,20130315,3.7,3.74,3.65,3.68,3.72,-0.04,-1.08,17907.56,6619.2076,661.92076,6.619207599999999,0.0661920759999999
002127.SZ,002127,南极电商,20130318,3.68,3.69,3.53,3.54,3.68,-0.14,-3.8,19283.47,6934.4933,693.44933,6.934493300000001,0.069344933
002127.SZ,002127,南极电商,20130319,3.55,3.6,3.53,3.57,3.54,0.03,0.85,11804.4,4202.8856,420.28856,4.202885599999999,0.0420288559999999
002127.SZ,002127,南极电商,20130320,3.58,3.67,3.58,3.65,3.57,0.08,2.24,15901.65,5778.5191,577.8519100000001,5.7785191000000005,0.057785191
002127.SZ,002127,南极电商,20130321,3.67,3.71,3.65,3.68,3.65,0.03,0.82,18057.41,6649.7613,664.97613,6.6497613,0.066497613
002127.SZ,002127,南极电商,20130322,3.67,3.79,3.66,3.74,3.68,0.06,1.63,30003.86,11204.805,1120.4805,11.204805,0.11204805
002127.SZ,002127,南极电商,20130325,3.75,3.77,3.71,3.75,3.74,0.01,0.27,13171.21,4916.1021,491.61021,4.9161021,0.049161021
002127.SZ,002127,南极电商,20130326,3.71,3.75,3.67,3.7,3.75,-0.05,-1.33,12439.71,4596.4921,459.64921,4.596492100000001,0.045964921
002127.SZ,002127,南极电商,20130327,3.68,3.73,3.67,3.69,3.7,-0.01,-0.27,15028.77,5557.8268,555.78268,5.5578268,0.055578268
002127.SZ,002127,南极电商,20130328,3.67,3.67,3.55,3.57,3.69,-0.12,-3.25,16877.26,6065.5827,606.55827,6.0655827,0.060655827
002127.SZ,002127,南极电商,20130329,3.6,3.6,3.55,3.58,3.57,0.01,0.28,8663.15,3097.2845,309.72845,3.0972845,0.030972845
002127.SZ,002127,南极电商,20130401,3.55,3.59,3.54,3.57,3.58,-0.01,-0.28,14198.72,5064.6035,506.46035,5.0646035000000005,0.050646035
002127.SZ,002127,南极电商,20130402,3.6,3.61,3.53,3.54,3.57,-0.03,-0.84,9392.42,3338.3299,333.83299,3.3383299,0.033383299
002127.SZ,002127,南极电商,20130403,3.54,3.55,3.44,3.47,3.54,-0.07,-1.98,10957.47,3814.0646,381.40646,3.814064600000001,0.038140646
002127.SZ,002127,南极电商,20130408,3.42,3.45,3.35,3.43,3.47,-0.04,-1.15,11385.66,3862.4646,386.24646,3.8624646,0.038624646
002127.SZ,002127,南极电商,20130409,3.43,3.5,3.43,3.48,3.43,0.05,1.46,10268.22,3567.0465,356.70465,3.5670465,0.035670465
002127.SZ,002127,南极电商,20130410,3.48,3.49,3.44,3.49,3.48,0.01,0.29,6850.8,2379.9986,237.99986,2.3799986,0.023799986
002127.SZ,002127,南极电商,20130411,3.5,3.52,3.45,3.46,3.49,-0.03,-0.86,8121.4,2829.133,282.9133,2.829133,0.02829133
002127.SZ,002127,南极电商,20130412,3.45,3.47,3.41,3.41,3.46,-0.05,-1.45,5505.09,1896.5716,189.65716,1.8965716,0.018965716
002127.SZ,002127,南极电商,20130415,3.39,3.41,3.3,3.35,3.41,-0.06,-1.76,12687.91,4239.8905,423.98905,4.2398905000000005,0.042398905
002127.SZ,002127,南极电商,20130416,3.33,3.37,3.3,3.36,3.35,0.01,0.3,8063.91,2692.5172,269.25172,2.6925172,0.0269251719999999
002127.SZ,002127,南极电商,20130417,3.37,3.44,3.35,3.42,3.36,0.06,1.79,14426.92,4913.6413,491.3641300000001,4.9136413,0.049136413
002127.SZ,002127,南极电商,20130418,3.4,3.48,3.39,3.45,3.42,0.03,0.88,25422.58,8717.253,871.7253000000001,8.717253000000001,0.08717253
002127.SZ,002127,南极电商,20130419,3.45,3.5,3.43,3.46,3.45,0.01,0.29,25899.72,8980.3716,898.0371600000001,8.980371600000002,0.089803716
002127.SZ,002127,南极电商,20130422,3.45,3.48,3.4,3.46,3.46,0.0,0.0,15087.24,5182.2044,518.2204399999999,5.1822044,0.051822044
002127.SZ,002127,南极电商,20130423,3.43,3.47,3.37,3.43,3.46,-0.03,-0.87,16965.6,5787.4537,578.74537,5.7874537,0.057874537
002127.SZ,002127,南极电商,20130424,3.4,3.47,3.39,3.47,3.43,0.04,1.17,16512.19,5685.7515,568.57515,5.6857515,0.056857515
002127.SZ,002127,南极电商,20130425,3.45,3.54,3.42,3.49,3.47,0.02,0.58,24429.34,8530.4374,853.0437400000001,8.5304374,0.085304374
002127.SZ,002127,南极电商,20130426,3.48,3.56,3.46,3.51,3.49,0.02,0.57,23888.84,8381.4656,838.1465599999999,8.381465599999999,0.0838146559999999
002127.SZ,002127,南极电商,20130502,3.48,3.56,3.47,3.48,3.51,-0.03,-0.85,20859.24,7331.7449,733.17449,7.3317449,0.073317449
002127.SZ,002127,南极电商,20130503,3.47,3.6,3.47,3.57,3.48,0.09,2.59,21460.47,7584.7728,758.47728,7.5847728,0.075847728
002127.SZ,002127,南极电商,20130506,3.56,3.63,3.54,3.59,3.57,0.02,0.56,21932.15,7832.4,783.24,7.8324,0.078324
002127.SZ,002127,南极电商,20130507,3.56,3.62,3.55,3.61,3.59,0.02,0.56,15409.16,5513.6187,551.36187,5.513618699999999,0.0551361869999999
002127.SZ,002127,南极电商,20130508,3.6,3.61,3.55,3.58,3.61,-0.03,-0.83,16306.44,5830.5568,583.05568,5.8305568,0.058305568
002127.SZ,002127,南极电商,20130509,3.59,3.59,3.51,3.53,3.58,-0.05,-1.4,16430.96,5805.2688,580.52688,5.8052688,0.058052688
002127.SZ,002127,南极电商,20130510,3.52,3.56,3.5,3.55,3.53,0.02,0.57,14170.48,4991.7911,499.17911,4.9917911,0.049917911
002127.SZ,002127,南极电商,20130513,3.55,3.55,3.5,3.53,3.55,-0.02,-0.56,10479.45,3689.8357,368.98357,3.6898357,0.036898357
002127.SZ,002127,南极电商,20130514,3.52,3.62,3.46,3.62,3.53,0.09,2.55,36191.95,12875.3372,1287.53372,12.8753372,0.1287533719999999
002127.SZ,002127,南极电商,20130515,3.61,3.62,3.55,3.6,3.62,-0.02,-0.55,16649.96,5962.2482,596.22482,5.9622482,0.059622482
002127.SZ,002127,南极电商,20130516,3.59,3.62,3.55,3.61,3.6,0.01,0.28,21068.09,7572.2605,757.22605,7.5722605,0.075722605
002127.SZ,002127,南极电商,20130517,3.6,3.65,3.58,3.65,3.61,0.04,1.11,24401.25,8852.399,885.2398999999999,8.852398999999998,0.0885239899999999
002127.SZ,002127,南极电商,20130520,3.65,3.69,3.62,3.68,3.65,0.03,0.82,34530.88,12635.0906,1263.50906,12.635090599999998,0.1263509059999999
002127.SZ,002127,南极电商,20130521,3.68,3.74,3.65,3.72,3.68,0.04,1.09,24775.54,9179.6901,917.96901,9.1796901,0.091796901
002127.SZ,002127,南极电商,20130522,3.72,3.74,3.68,3.73,3.72,0.01,0.27,25362.95,9405.459,940.5459,9.405459,0.09405459
002127.SZ,002127,南极电商,20130523,3.71,3.73,3.66,3.68,3.73,-0.05,-1.34,19607.33,7247.9249,724.79249,7.2479249,0.072479249
002127.SZ,002127,南极电商,20130524,3.68,3.76,3.65,3.75,3.68,0.07,1.9,25785.39,9607.8091,960.78091,9.6078091,0.096078091
002127.SZ,002127,南极电商,20130527,3.78,3.78,3.72,3.74,3.75,-0.01,-0.27,19920.14,7448.7461,744.8746100000001,7.448746100000001,0.074487461
002127.SZ,002127,南极电商,20130528,3.75,3.83,3.75,3.78,3.74,0.04,1.07,34628.51,13097.7163,1309.77163,13.0977163,0.130977163
002127.SZ,002127,南极电商,20130529,3.78,3.81,3.76,3.78,3.78,0.0,0.0,18702.1,7065.0279,706.50279,7.0650279000000005,0.070650279
002127.SZ,002127,南极电商,20130530,3.75,3.77,3.72,3.76,3.78,-0.02,-0.53,18197.14,6816.4407,681.64407,6.8164407,0.068164407
002127.SZ,002127,南极电商,20130531,3.76,3.82,3.75,3.76,3.76,0.0,0.0,31243.22,11818.5586,1181.85586,11.8185586,0.118185586
002127.SZ,002127,南极电商,20130603,3.76,3.79,3.68,3.72,3.76,-0.04,-1.06,23485.25,8786.8815,878.68815,8.7868815,0.087868815
002127.SZ,002127,南极电商,20130604,3.69,3.72,3.61,3.67,3.72,-0.05,-1.34,19686.35,7201.7737,720.17737,7.2017737,0.072017737
002127.SZ,002127,南极电商,20130605,3.66,4.02,3.62,3.88,3.67,0.21,5.72,85243.46,32535.4044,3253.54044,32.5354044,0.3253540439999999
002127.SZ,002127,南极电商,20130606,3.87,3.92,3.7,3.73,3.88,-0.15,-3.87,91866.29,35036.9664,3503.69664,35.0369664,0.3503696639999999
002127.SZ,002127,南极电商,20130607,3.71,4.07,3.62,3.91,3.73,0.18,4.83,356688.25,134955.4104,13495.54104,134.9554104,1.349554104
002127.SZ,002127,南极电商,20130613,3.65,3.88,3.65,3.84,3.91,-0.07,-1.79,281241.43,105898.6803,10589.86803,105.8986803,1.058986803
002127.SZ,002127,南极电商,20130614,3.77,3.82,3.62,3.76,3.84,-0.08,-2.08,117603.33,44077.9774,4407.79774,44.0779774,0.440779774
002127.SZ,002127,南极电商,20130617,3.74,3.74,3.61,3.64,3.76,-0.12,-3.19,97626.87,35721.9783,3572.19783,35.7219783,0.357219783
002127.SZ,002127,南极电商,20130618,3.62,3.63,3.41,3.46,3.64,-0.18,-4.95,115998.73,40297.3101,4029.73101,40.2973101,0.402973101
002127.SZ,002127,南极电商,20130619,3.46,3.46,3.35,3.39,3.46,-0.07,-2.02,57164.04,19347.491,1934.7491,19.347491,0.19347491
002127.SZ,002127,南极电商,20130620,3.39,3.42,3.31,3.32,3.39,-0.07,-2.06,37467.68,12669.6124,1266.96124,12.6696124,0.126696124
002127.SZ,002127,南极电商,20130621,3.28,3.28,3.16,3.21,3.32,-0.11,-3.31,55947.47,17997.0288,1799.70288,17.9970288,0.1799702879999999
002127.SZ,002127,南极电商,20130624,3.23,3.23,2.95,3.01,3.21,-0.2,-6.23,48194.95,14854.395,1485.4395,14.854395,0.14854395
002127.SZ,002127,南极电商,20130625,3.0,3.05,2.79,3.04,3.01,0.03,1.0,49406.51,14458.6503,1445.86503,14.4586503,0.1445865029999999
002127.SZ,002127,南极电商,20130626,3.03,3.08,2.95,3.07,3.04,0.03,0.99,28740.35,8715.3713,871.53713,8.715371300000001,0.087153713
002127.SZ,002127,南极电商,20130627,3.04,3.14,2.98,2.98,3.07,-0.09,-2.93,36442.15,11147.0238,1114.7023800000002,11.1470238,0.111470238
002127.SZ,002127,南极电商,20130628,2.96,3.03,2.9,2.95,2.98,-0.03,-1.01,25491.18,7559.27,755.927,7.559270000000001,0.0755927
002127.SZ,002127,南极电商,20130701,2.95,3.04,2.95,3.04,2.95,0.09,3.05,21501.27,6436.0675,643.60675,6.4360675,0.064360675
002127.SZ,002127,南极电商,20130702,3.04,3.07,3.01,3.07,3.04,0.03,0.99,17902.73,5443.1684,544.31684,5.443168399999999,0.0544316839999999
002127.SZ,002127,南极电商,20130703,3.07,3.07,2.99,3.03,3.07,-0.04,-1.3,33371.93,10045.1835,1004.51835,10.0451835,0.100451835
002127.SZ,002127,南极电商,20130704,3.04,3.17,2.98,3.1,3.03,0.07,2.31,31211.01,9660.9161,966.09161,9.6609161,0.096609161
002127.SZ,002127,南极电商,20130705,3.1,3.17,3.07,3.12,3.1,0.02,0.65,19485.79,6083.4616,608.3461599999999,6.0834616,0.0608346159999999
002127.SZ,002127,南极电商,20130708,3.17,3.31,2.98,3.28,3.12,0.16,5.13,110942.04,35439.4951,3543.94951,35.4394951,0.354394951
002127.SZ,002127,南极电商,20130730,3.61,3.61,3.61,3.61,3.28,0.33,10.06,11858.13,4280.7849,428.07849,4.2807849,0.0428078489999999
002127.SZ,002127,南极电商,20130731,3.97,3.97,3.97,3.97,3.61,0.36,9.97,71331.64,28318.6611,2831.86611,28.3186611,0.283186611
002127.SZ,002127,南极电商,20130801,4.19,4.37,4.01,4.37,3.97,0.4,10.08,539286.59,229722.6766,22972.26766,229.7226766,2.297226766
002127.SZ,002127,南极电商,20130802,4.3,4.58,4.18,4.4,4.37,0.03,0.69,341570.69,148142.1937,14814.21937,148.1421937,1.481421937
002127.SZ,002127,南极电商,20130805,4.3,4.59,4.25,4.48,4.4,0.08,1.82,221886.82,98341.4465,9834.14465,98.3414465,0.983414465
002127.SZ,002127,南极电商,20130806,4.41,4.93,4.39,4.93,4.48,0.45,10.04,255845.35,121664.6742,12166.46742,121.6646742,1.216646742
002127.SZ,002127,南极电商,20130807,4.93,5.42,4.83,5.42,4.93,0.49,9.94,322600.04,169501.7381,16950.17381,169.5017381,1.6950173810000002
002127.SZ,002127,南极电商,20130808,5.52,5.96,5.42,5.77,5.42,0.35,6.46,439824.81,255391.1973,25539.11973,255.3911973,2.553911973
002127.SZ,002127,南极电商,20130809,5.78,5.83,5.32,5.6,5.77,-0.17,-2.95,375516.08,208414.2679,20841.42679,208.41426790000003,2.084142679
002127.SZ,002127,南极电商,20130812,5.56,5.56,5.21,5.42,5.6,-0.18,-3.21,264535.67,143087.9269,14308.792689999998,143.0879269,1.4308792689999998
002127.SZ,002127,南极电商,20130813,5.36,5.72,5.33,5.43,5.42,0.01,0.18,238834.69,131829.6787,13182.96787,131.8296787,1.318296787
002127.SZ,002127,南极电商,20130814,5.32,5.55,5.23,5.47,5.43,0.04,0.74,171811.59,92379.714,9237.9714,92.379714,0.92379714
002127.SZ,002127,南极电商,20130815,5.49,5.66,5.32,5.65,5.47,0.18,3.29,209022.28,115412.7502,11541.27502,115.4127502,1.154127502
002127.SZ,002127,南极电商,20130816,5.58,5.58,5.09,5.09,5.65,-0.56,-9.91,212006.08,112804.4934,11280.44934,112.8044934,1.128044934
002127.SZ,002127,南极电商,20130819,4.93,5.31,4.93,5.31,5.09,0.22,4.32,121210.01,62609.1308,6260.91308,62.6091308,0.626091308
002127.SZ,002127,南极电商,20130820,5.3,5.56,5.19,5.5,5.31,0.19,3.58,174185.12,94184.8721,9418.48721,94.1848721,0.941848721
002127.SZ,002127,南极电商,20130821,5.45,5.93,5.4,5.58,5.5,0.08,1.45,219652.61,125213.915,12521.3915,125.213915,1.25213915
002127.SZ,002127,南极电商,20130822,5.4,5.83,5.21,5.72,5.58,0.14,2.51,194700.26,109170.5575,10917.05575,109.1705575,1.091705575
002127.SZ,002127,南极电商,20130823,5.72,5.82,5.52,5.67,5.72,-0.05,-0.87,152745.44,86696.0734,8669.607339999999,86.69607339999999,0.8669607339999998
002127.SZ,002127,南极电商,20130826,5.78,5.89,5.6,5.74,5.67,0.07,1.23,122859.33,69988.6404,6998.86404,69.98864040000001,0.6998864040000001
002127.SZ,002127,南极电商,20130827,5.7,5.79,5.51,5.69,5.74,-0.05,-0.87,133086.28,75197.9973,7519.799730000001,75.19799730000001,0.7519799730000001
002127.SZ,002127,南极电商,20130828,5.65,5.69,5.35,5.41,5.69,-0.28,-4.92,136996.15,75093.4768,7509.347680000001,75.0934768,0.750934768
002127.SZ,002127,南极电商,20130829,5.35,5.55,5.12,5.49,5.41,0.08,1.48,176505.25,94414.6294,9441.46294,94.4146294,0.944146294
002127.SZ,002127,南极电商,20130830,5.48,5.65,5.3,5.41,5.49,-0.08,-1.46,109765.18,59784.3653,5978.43653,59.7843653,0.597843653
002127.SZ,002127,南极电商,20130902,5.33,5.43,5.21,5.36,5.41,-0.05,-0.92,64824.0,34486.7724,3448.67724,34.4867724,0.344867724
002127.SZ,002127,南极电商,20130903,5.38,5.43,5.23,5.42,5.36,0.06,1.12,59566.3,31798.1772,3179.81772,31.7981772,0.317981772
002127.SZ,002127,南极电商,20130904,5.38,5.72,5.34,5.46,5.42,0.04,0.74,157419.07,87124.8352,8712.48352,87.12483519999999,0.871248352
002127.SZ,002127,南极电商,20130905,5.44,5.44,5.24,5.31,5.46,-0.15,-2.75,101581.62,54014.2191,5401.42191,54.0142191,0.5401421909999999
002127.SZ,002127,南极电商,20130906,5.26,5.33,5.15,5.19,5.31,-0.12,-2.26,77373.49,40380.6835,4038.06835,40.3806835,0.403806835
002127.SZ,002127,南极电商,20130909,5.2,5.38,5.1,5.31,5.19,0.12,2.31,81781.69,42896.028,4289.6028,42.896028,0.4289602799999999
002127.SZ,002127,南极电商,20130910,5.29,5.33,5.15,5.27,5.31,-0.04,-0.75,82032.76,42968.9723,4296.8972300000005,42.9689723,0.429689723
002127.SZ,002127,南极电商,20130911,5.27,5.28,5.0,5.04,5.27,-0.23,-4.36,81117.77,41424.639,4142.463900000001,41.424639000000006,0.4142463900000001
002127.SZ,002127,南极电商,20130912,5.0,5.14,4.98,5.06,5.04,0.02,0.4,52737.83,26687.1752,2668.71752,26.6871752,0.266871752
002127.SZ,002127,南极电商,20130913,5.0,5.1,4.96,5.03,5.06,-0.03,-0.59,41481.57,20814.1139,2081.41139,20.8141139,0.208141139
002127.SZ,002127,南极电商,20130916,5.02,5.21,5.02,5.15,5.03,0.12,2.39,61973.45,31948.1472,3194.81472,31.9481472,0.319481472
002127.SZ,002127,南极电商,20130917,5.17,5.19,5.05,5.08,5.15,-0.07,-1.36,38190.11,19482.6415,1948.26415,19.482641500000003,0.194826415
002127.SZ,002127,南极电商,20130918,5.04,5.12,5.0,5.11,5.08,0.03,0.59,24265.85,12301.51,1230.151,12.30151,0.1230151
002127.SZ,002127,南极电商,20130923,5.14,5.27,5.13,5.22,5.11,0.11,2.15,52774.74,27545.1701,2754.51701,27.5451701,0.275451701
002127.SZ,002127,南极电商,20130924,5.22,5.29,5.14,5.27,5.22,0.05,0.96,57416.53,29976.7467,2997.67467,29.9767467,0.299767467
002127.SZ,002127,南极电商,20130925,5.28,5.53,5.18,5.19,5.27,-0.08,-1.52,97254.39,52182.7339,5218.27339,52.1827339,0.521827339
002127.SZ,002127,南极电商,20130926,5.16,5.16,4.88,4.92,5.19,-0.27,-5.2,77949.97,38883.1135,3888.31135,38.8831135,0.388831135
002127.SZ,002127,南极电商,20130927,4.82,4.97,4.82,4.84,4.92,-0.08,-1.63,30810.41,14979.5324,1497.95324,14.9795324,0.149795324
002127.SZ,002127,南极电商,20130930,4.82,4.93,4.8,4.93,4.84,0.09,1.86,26634.52,12962.0669,1296.20669,12.9620669,0.129620669
002127.SZ,002127,南极电商,20131008,4.93,4.99,4.82,4.97,4.93,0.04,0.81,41309.55,20305.3771,2030.53771,20.3053771,0.203053771
002127.SZ,002127,南极电商,20131009,4.97,5.0,4.9,4.96,4.97,-0.01,-0.2,47520.77,23556.3203,2355.63203,23.5563203,0.2355632029999999
002127.SZ,002127,南极电商,20131010,4.96,5.09,4.94,4.97,4.96,0.01,0.2,37922.04,18981.5534,1898.15534,18.9815534,0.1898155339999999
002127.SZ,002127,南极电商,20131011,4.98,5.25,4.98,5.21,4.97,0.24,4.83,116122.24,59916.0609,5991.606089999999,59.91606089999999,0.5991606089999999
002127.SZ,002127,南极电商,20131014,5.2,5.2,5.0,5.16,5.21,-0.05,-0.96,54700.17,27986.6086,2798.66086,27.9866086,0.279866086
002127.SZ,002127,南极电商,20131015,5.17,5.21,5.05,5.21,5.16,0.05,0.97,47414.51,24297.4263,2429.74263,24.2974263,0.2429742629999999
002127.SZ,002127,南极电商,20131016,5.19,5.34,5.05,5.13,5.21,-0.08,-1.54,73825.53,38237.8913,3823.78913,38.2378913,0.382378913
002127.SZ,002127,南极电商,20131017,5.09,5.4,5.07,5.32,5.13,0.19,3.7,106689.1,56300.9834,5630.09834,56.30098339999999,0.5630098339999999
002127.SZ,002127,南极电商,20131018,5.32,5.85,5.32,5.85,5.32,0.53,9.96,178912.21,102011.8118,10201.18118,102.0118118,1.020118118
002127.SZ,002127,南极电商,20131021,6.43,6.44,6.0,6.44,5.85,0.59,10.09,216261.42,137450.1544,13745.01544,137.4501544,1.374501544
002127.SZ,002127,南极电商,20131024,6.0,6.2,5.8,5.8,6.44,-0.64,-9.94,40704.0,23766.4,2376.6400000000003,23.766400000000004,0.237664
002127.SZ,002127,南极电商,20131025,5.38,5.62,5.22,5.31,5.8,-0.49,-8.45,215049.13,116978.4732,11697.84732,116.9784732,1.169784732
002127.SZ,002127,南极电商,20131028,5.26,5.56,5.07,5.48,5.31,0.17,3.2,128445.9,68209.6448,6820.96448,68.20964479999999,0.6820964479999999
002127.SZ,002127,南极电商,20131029,5.38,5.53,5.07,5.17,5.48,-0.31,-5.66,104730.65,55286.0316,5528.603160000001,55.28603160000001,0.5528603160000001
002127.SZ,002127,南极电商,20131030,5.02,5.4,5.02,5.25,5.17,0.08,1.55,66990.1,35157.7493,3515.7749300000005,35.157749300000006,0.3515774930000001
002127.SZ,002127,南极电商,20131031,5.24,5.46,5.15,5.44,5.25,0.19,3.62,60547.07,32483.0396,3248.30396,32.483039600000005,0.3248303960000001
002127.SZ,002127,南极电商,20131101,5.56,5.98,5.51,5.98,5.44,0.54,9.93,236119.35,138843.4783,13884.34783,138.8434783,1.388434783
002127.SZ,002127,南极电商,20131104,5.87,6.43,5.7,6.15,5.98,0.17,2.84,184277.7,111228.0249,11122.80249,111.2280249,1.112280249
002127.SZ,002127,南极电商,20131105,6.15,6.21,5.9,6.09,6.15,-0.06,-0.98,97154.4,58998.9505,5899.89505,58.9989505,0.589989505
002127.SZ,002127,南极电商,20131106,6.1,6.68,6.02,6.21,6.09,0.12,1.97,163478.91,104372.202,10437.2202,104.372202,1.04372202
002127.SZ,002127,南极电商,20131107,6.1,6.2,5.88,6.0,6.21,-0.21,-3.38,83892.94,50727.3193,5072.73193,50.7273193,0.507273193
002127.SZ,002127,南极电商,20131108,5.91,6.38,5.85,6.18,6.0,0.18,3.0,95043.17,58981.0051,5898.10051,58.9810051,0.5898100510000001
002127.SZ,002127,南极电商,20131111,6.17,6.8,6.05,6.74,6.18,0.56,9.06,158704.97,102432.1833,10243.21833,102.4321833,1.024321833
002127.SZ,002127,南极电商,20131112,6.59,6.98,6.57,6.64,6.74,-0.1,-1.48,131345.59,88695.9846,8869.59846,88.69598459999999,0.8869598459999999
002127.SZ,002127,南极电商,20131113,6.57,6.88,6.48,6.8,6.64,0.16,2.41,111519.1,75237.8553,7523.785529999999,75.23785529999999,0.7523785529999999
002127.SZ,002127,南极电商,20131114,6.77,7.11,6.73,6.8,6.8,0.0,0.0,114236.42,78640.3976,7864.03976,78.6403976,0.786403976
002127.SZ,002127,南极电商,20131115,6.71,6.85,6.48,6.51,6.8,-0.29,-4.26,128124.02,85068.6575,8506.86575,85.06865750000001,0.8506865750000001
002127.SZ,002127,南极电商,20131118,6.48,6.64,6.2,6.6,6.51,0.09,1.38,137870.8,88490.7427,8849.074270000001,88.49074270000001,0.8849074270000001
002127.SZ,002127,南极电商,20131119,6.51,6.78,6.46,6.61,6.6,0.01,0.15,82998.03,55196.3006,5519.63006,55.1963006,0.551963006
002127.SZ,002127,南极电商,20131120,6.58,6.73,6.52,6.65,6.61,0.04,0.61,58270.88,38556.8036,3855.68036,38.5568036,0.3855680359999999
002127.SZ,002127,南极电商,20140418,6.32,6.32,6.32,6.32,6.65,-0.33,-4.96,5480.0,3463.36,346.336,3.46336,0.0346336
002127.SZ,002127,南极电商,20140421,6.0,6.0,6.0,6.0,6.32,-0.32,-5.06,1076.0,645.6,64.56,0.6456000000000001,0.006456
002127.SZ,002127,南极电商,20140422,5.7,5.7,5.7,5.7,6.0,-0.3,-5.0,1390.0,792.3,79.22999999999999,0.7922999999999999,0.007923
002127.SZ,002127,南极电商,20140423,5.42,5.42,5.42,5.42,5.7,-0.28,-4.91,1925.0,1043.35,104.335,1.04335,0.0104335
002127.SZ,002127,南极电商,20140424,5.15,5.15,5.15,5.15,5.42,-0.27,-4.98,9971.0,5135.065,513.5065,5.135065,0.05135065
002127.SZ,002127,南极电商,20140425,4.89,5.41,4.89,5.41,5.15,0.26,5.05,151422.4,77755.7517,7775.575169999999,77.75575169999999,0.7775575169999999
002127.SZ,002127,南极电商,20140428,5.24,5.59,5.16,5.16,5.41,-0.25,-4.62,103197.68,55382.352,5538.2352,55.382352,0.55382352
002127.SZ,002127,南极电商,20140429,4.95,5.2,4.9,4.98,5.16,-0.18,-3.49,54818.73,27272.6338,2727.26338,27.2726338,0.2727263379999999
002127.SZ,002127,南极电商,20140430,4.96,5.23,4.96,5.23,4.98,0.25,5.02,51042.93,26402.5777,2640.25777,26.4025777,0.264025777
002127.SZ,002127,南极电商,20140505,5.27,5.49,5.23,5.49,5.23,0.26,4.97,61693.61,33626.6097,3362.66097,33.6266097,0.336266097
002127.SZ,002127,南极电商,20140506,5.54,5.76,5.49,5.76,5.49,0.27,4.92,44485.05,25350.4037,2535.04037,25.3504037,0.2535040369999999
002127.SZ,002127,南极电商,20140507,5.97,6.05,5.9,6.05,5.76,0.29,5.03,78683.04,47447.2701,4744.7270100000005,47.4472701,0.474472701
002127.SZ,002127,南极电商,20140508,6.16,6.17,5.75,5.94,6.05,-0.11,-1.82,62550.69,37129.6682,3712.96682,37.1296682,0.371296682
002127.SZ,002127,南极电商,20140509,5.88,6.14,5.82,5.94,5.94,0.0,0.0,41129.35,24458.1062,2445.81062,24.4581062,0.2445810619999999
002127.SZ,002127,南极电商,20140512,5.98,6.05,5.85,5.94,5.94,0.0,0.0,27916.36,16513.2456,1651.3245599999998,16.513245599999998,0.1651324559999999
002127.SZ,002127,南极电商,20140513,5.85,5.95,5.81,5.84,5.94,-0.1,-1.68,23548.14,13812.7869,1381.27869,13.8127869,0.138127869
002127.SZ,002127,南极电商,20140514,5.83,6.13,5.81,6.13,5.84,0.29,4.97,14997.3,9080.6961,908.06961,9.0806961,0.0908069609999999
002127.SZ,002127,南极电商,20140515,6.31,6.44,6.05,6.08,6.13,-0.05,-0.82,59372.49,37254.7975,3725.47975,37.2547975,0.372547975
002127.SZ,002127,南极电商,20140516,5.81,5.98,5.8,5.88,6.08,-0.2,-3.29,37279.95,21948.3303,2194.83303,21.9483303,0.219483303
002127.SZ,002127,南极电商,20140519,5.9,5.99,5.71,5.78,5.88,-0.1,-1.7,20751.38,12120.3556,1212.03556,12.1203556,0.121203556
002127.SZ,002127,南极电商,20140520,5.75,5.91,5.73,5.81,5.78,0.03,0.52,20202.07,11748.8466,1174.8846600000002,11.748846600000002,0.117488466
002127.SZ,002127,南极电商,20140521,5.76,6.1,5.75,6.1,5.81,0.29,4.99,30404.35,18131.6667,1813.16667,18.1316667,0.181316667
002127.SZ,002127,南极电商,20140522,6.24,6.24,6.05,6.1,6.1,0.0,0.0,31745.95,19468.5132,1946.85132,19.468513200000004,0.194685132
002127.SZ,002127,南极电商,20140523,6.08,6.36,6.02,6.25,6.1,0.15,2.46,33145.58,20642.5172,2064.25172,20.6425172,0.2064251719999999
002127.SZ,002127,南极电商,20140526,6.23,6.32,6.15,6.27,6.25,0.02,0.32,22220.85,13854.5857,1385.45857,13.8545857,0.138545857
002127.SZ,002127,南极电商,20140527,6.2,6.31,6.19,6.23,6.27,-0.04,-0.64,13953.38,8704.65,870.4649999999999,8.704649999999999,0.0870464999999999
002127.SZ,002127,南极电商,20140528,6.23,6.24,6.15,6.2,6.23,-0.03,-0.48,15321.6,9487.9824,948.79824,9.4879824,0.094879824
002127.SZ,002127,南极电商,20140529,6.16,6.21,5.98,6.04,6.2,-0.16,-2.58,22997.32,13938.1702,1393.81702,13.9381702,0.139381702
002127.SZ,002127,南极电商,20140530,5.98,6.1,5.88,6.09,6.04,0.05,0.83,14112.41,8514.2694,851.42694,8.5142694,0.085142694
002127.SZ,002127,南极电商,20140603,6.08,6.14,6.01,6.08,6.09,-0.01,-0.16,14827.68,9007.2332,900.72332,9.0072332,0.090072332
002127.SZ,002127,南极电商,20140604,6.08,6.14,5.93,6.01,6.08,-0.07,-1.15,15138.98,9108.3234,910.83234,9.1083234,0.091083234
002127.SZ,002127,南极电商,20140605,6.0,6.13,5.98,6.05,6.01,0.04,0.67,9130.75,5541.2992,554.1299200000001,5.541299200000001,0.055412992
002127.SZ,002127,南极电商,20140606,6.01,6.09,6.01,6.04,6.05,-0.01,-0.17,10235.97,6194.5393,619.45393,6.1945393,0.0619453929999999
002127.SZ,002127,南极电商,20140609,6.06,6.34,6.0,6.34,6.04,0.3,4.97,74530.73,47071.6717,4707.16717,47.0716717,0.4707167169999999
002127.SZ,002127,南极电商,20140610,6.15,6.37,6.15,6.26,6.34,-0.08,-1.26,42226.77,26371.9027,2637.19027,26.3719027,0.263719027
002127.SZ,002127,南极电商,20140611,6.26,6.34,6.15,6.17,6.26,-0.09,-1.44,23992.51,14862.2941,1486.22941,14.8622941,0.148622941
002127.SZ,002127,南极电商,20140612,6.18,6.18,6.05,6.1,6.17,-0.07,-1.13,21763.22,13266.4008,1326.64008,13.2664008,0.132664008
002127.SZ,002127,南极电商,20140613,6.02,6.1,6.01,6.06,6.1,-0.04,-0.66,22592.28,13679.8954,1367.98954,13.6798954,0.136798954
002127.SZ,002127,南极电商,20140616,6.06,6.12,5.99,6.03,6.06,-0.03,-0.5,29838.22,17999.8787,1799.9878700000002,17.9998787,0.179998787
002127.SZ,002127,南极电商,20140617,6.03,6.03,5.8,5.87,6.03,-0.16,-2.65,31565.42,18712.7921,1871.27921,18.7127921,0.1871279209999999
002127.SZ,002127,南极电商,20140618,5.8,5.95,5.68,5.7,5.87,-0.17,-2.9,32611.47,18839.2968,1883.92968,18.8392968,0.188392968
002127.SZ,002127,南极电商,20140619,5.77,5.77,5.5,5.56,5.7,-0.14,-2.46,20732.63,11637.9084,1163.79084,11.6379084,0.116379084
002127.SZ,002127,南极电商,20140620,5.51,5.8,5.51,5.74,5.56,0.18,3.24,13104.03,7476.7838,747.6783800000001,7.476783800000001,0.074767838
002127.SZ,002127,南极电商,20140623,5.67,5.85,5.66,5.78,5.74,0.04,0.7,9080.52,5261.1506,526.11506,5.2611506,0.0526115059999999
002127.SZ,002127,南极电商,20140624,5.78,5.84,5.73,5.84,5.78,0.06,1.04,10640.53,6167.4842,616.74842,6.1674842000000005,0.061674842
002127.SZ,002127,南极电商,20140625,5.86,5.86,5.77,5.82,5.84,-0.02,-0.34,13617.75,7888.6524,788.86524,7.8886524,0.078886524
002127.SZ,002127,南极电商,20140626,5.79,5.9,5.76,5.9,5.82,0.08,1.37,15257.9,8936.8261,893.6826100000001,8.936826100000001,0.089368261
002127.SZ,002127,南极电商,20140627,5.92,5.96,5.85,5.88,5.9,-0.02,-0.34,11013.22,6487.7148,648.77148,6.4877148,0.064877148
002127.SZ,002127,南极电商,20140630,5.91,5.93,5.84,5.86,5.88,-0.02,-0.34,11312.03,6649.6182,664.96182,6.6496182,0.066496182
002127.SZ,002127,南极电商,20140701,5.87,5.98,5.87,5.9,5.86,0.04,0.68,11420.59,6733.8531,673.38531,6.7338531,0.067338531
002127.SZ,002127,南极电商,20140702,5.97,5.97,5.78,5.82,5.9,-0.08,-1.36,15736.8,9183.7504,918.37504,9.1837504,0.091837504
002127.SZ,002127,南极电商,20140703,5.83,5.93,5.75,5.82,5.82,0.0,0.0,23873.87,13940.3048,1394.03048,13.9403048,0.139403048
002127.SZ,002127,南极电商,20140704,5.8,5.85,5.71,5.74,5.82,-0.08,-1.37,16205.54,9338.411,933.8411,9.338411,0.09338411
002127.SZ,002127,南极电商,20140707,5.74,5.75,5.54,5.59,5.74,-0.15,-2.61,29130.16,16365.4314,1636.54314,16.3654314,0.163654314
002127.SZ,002127,南极电商,20140708,5.59,5.68,5.59,5.63,5.59,0.04,0.72,11542.86,6507.193,650.7193,6.507193,0.06507193
002127.SZ,002127,南极电商,20140709,5.62,5.7,5.58,5.63,5.63,0.0,0.0,11074.98,6246.1896,624.61896,6.2461896,0.062461896
002127.SZ,002127,南极电商,20140710,5.6,5.67,5.55,5.58,5.63,-0.05,-0.89,16776.05,9391.9512,939.19512,9.3919512,0.093919512
002127.SZ,002127,南极电商,20140711,5.58,5.67,5.45,5.57,5.58,-0.01,-0.18,27939.25,15454.1927,1545.41927,15.454192699999998,0.154541927
002127.SZ,002127,南极电商,20140714,5.54,5.65,5.4,5.52,5.57,-0.05,-0.9,24149.57,13301.6441,1330.16441,13.3016441,0.1330164409999999
002127.SZ,002127,南极电商,20140715,5.54,5.54,5.43,5.49,5.52,-0.03,-0.54,16301.04,8935.9005,893.59005,8.9359005,0.089359005
002127.SZ,002127,南极电商,20140716,5.45,5.48,5.42,5.44,5.49,-0.05,-0.91,9965.65,5436.9543,543.69543,5.4369543,0.054369543
002127.SZ,002127,南极电商,20140717,5.44,5.45,5.26,5.3,5.44,-0.14,-2.57,26085.13,13891.3307,1389.13307,13.8913307,0.138913307
002127.SZ,002127,南极电商,20140718,5.3,5.57,5.3,5.57,5.3,0.27,5.09,22434.34,12329.9609,1232.99609,12.3299609,0.123299609
002127.SZ,002127,南极电商,20140721,5.75,5.85,5.7,5.85,5.57,0.28,5.03,34108.7,19874.8601,1987.48601,19.8748601,0.198748601
002127.SZ,002127,南极电商,20140722,5.93,6.14,5.71,5.83,5.85,-0.02,-0.34,107813.56,64104.6265,6410.46265,64.1046265,0.641046265
002127.SZ,002127,南极电商,20140723,5.83,5.86,5.55,5.75,5.83,-0.08,-1.37,74797.24,42917.1221,4291.71221,42.9171221,0.429171221
002127.SZ,002127,南极电商,20140724,5.7,5.78,5.63,5.66,5.75,-0.09,-1.57,18942.86,10775.4409,1077.54409,10.7754409,0.107754409
002127.SZ,002127,南极电商,20140725,5.68,5.94,5.68,5.94,5.66,0.28,4.95,67341.45,39721.8147,3972.18147,39.7218147,0.397218147
002127.SZ,002127,南极电商,20140728,5.94,5.95,5.84,5.89,5.94,-0.05,-0.84,37211.21,21903.0001,2190.30001,21.9030001,0.219030001
002127.SZ,002127,南极电商,20140729,5.89,6.0,5.82,5.85,5.89,-0.04,-0.68,48848.36,28784.0019,2878.40019,28.7840019,0.287840019
002127.SZ,002127,南极电商,20140730,5.86,5.93,5.8,5.84,5.85,-0.01,-0.17,35892.16,20986.3263,2098.63263,20.9863263,0.209863263
002127.SZ,002127,南极电商,20140731,5.83,5.86,5.77,5.83,5.84,-0.01,-0.17,32576.91,18933.6005,1893.36005,18.9336005,0.189336005
002127.SZ,002127,南极电商,20140801,5.85,5.85,5.7,5.75,5.83,-0.08,-1.37,25997.04,15014.8824,1501.48824,15.0148824,0.150148824
002127.SZ,002127,南极电商,20140804,5.78,5.84,5.74,5.81,5.75,0.06,1.04,18138.84,10517.3826,1051.73826,10.5173826,0.105173826
002127.SZ,002127,南极电商,20140805,5.83,5.83,5.75,5.78,5.81,-0.03,-0.52,20740.48,11970.11,1197.011,11.97011,0.1197011
002127.SZ,002127,南极电商,20140806,5.81,5.82,5.73,5.81,5.78,0.03,0.52,21225.02,12265.6456,1226.56456,12.2656456,0.122656456
002127.SZ,002127,南极电商,20140807,5.81,5.81,5.75,5.77,5.81,-0.04,-0.69,28193.28,16287.4768,1628.74768,16.2874768,0.162874768
002127.SZ,002127,南极电商,20140808,5.78,5.8,5.61,5.79,5.77,0.02,0.35,37098.27,21208.8833,2120.88833,21.208883300000004,0.212088833
002127.SZ,002127,南极电商,20140811,5.8,5.95,5.78,5.87,5.79,0.08,1.38,56682.31,33318.1925,3331.81925,33.318192499999995,0.3331819249999999
002127.SZ,002127,南极电商,20140812,5.9,5.9,5.84,5.86,5.87,-0.01,-0.17,21816.61,12784.0188,1278.40188,12.784018799999998,0.127840188
002127.SZ,002127,南极电商,20140813,5.85,5.89,5.73,5.86,5.86,0.0,0.0,37925.38,22031.5126,2203.15126,22.0315126,0.2203151259999999
002127.SZ,002127,南极电商,20140814,5.84,6.15,5.81,5.99,5.86,0.13,2.22,63759.78,38453.4869,3845.34869,38.4534869,0.384534869
002127.SZ,002127,南极电商,20140815,5.97,6.16,5.97,6.01,5.99,0.02,0.33,35305.54,21434.6299,2143.46299,21.4346299,0.214346299
002127.SZ,002127,南极电商,20140818,6.01,6.17,6.01,6.15,6.01,0.14,2.33,37134.93,22687.5465,2268.75465,22.6875465,0.226875465
002127.SZ,002127,南极电商,20140819,6.14,6.28,6.1,6.23,6.15,0.08,1.3,41995.32,26103.0855,2610.30855,26.1030855,0.261030855
002127.SZ,002127,南极电商,20140820,6.37,6.54,6.31,6.54,6.23,0.31,4.98,113989.76,74191.9508,7419.19508,74.1919508,0.7419195080000001
002127.SZ,002127,南极电商,20140821,6.54,6.56,6.38,6.49,6.54,-0.05,-0.76,62612.92,40372.1252,4037.21252,40.3721252,0.403721252
002127.SZ,002127,南极电商,20140822,6.44,6.69,6.44,6.58,6.49,0.09,1.39,42627.3,28024.7366,2802.47366,28.0247366,0.280247366
002127.SZ,002127,南极电商,20140825,6.54,6.58,6.25,6.27,6.58,-0.31,-4.71,95442.89,60749.9664,6074.996639999999,60.74996639999999,0.6074996639999999
002127.SZ,002127,南极电商,20140826,6.22,6.31,6.14,6.24,6.27,-0.03,-0.48,43187.31,26840.7185,2684.07185,26.8407185,0.268407185
002127.SZ,002127,南极电商,20140827,6.23,6.39,6.2,6.39,6.24,0.15,2.4,44505.29,28003.6286,2800.36286,28.003628600000003,0.280036286
002127.SZ,002127,南极电商,20140828,6.38,6.71,6.38,6.57,6.39,0.18,2.82,71894.81,47548.7509,4754.87509,47.5487509,0.4754875089999999
002127.SZ,002127,南极电商,20140829,6.57,6.76,6.53,6.67,6.57,0.1,1.52,50115.46,33267.5577,3326.75577,33.2675577,0.332675577
002127.SZ,002127,南极电商,20140901,6.72,6.77,6.57,6.73,6.67,0.06,0.9,44180.33,29608.9859,2960.89859,29.6089859,0.2960898589999999
002127.SZ,002127,南极电商,20140902,6.7,6.95,6.66,6.82,6.73,0.09,1.34,53005.92,36340.2886,3634.02886,36.3402886,0.363402886
002127.SZ,002127,南极电商,20140903,6.82,6.97,6.8,6.85,6.82,0.03,0.44,54865.98,37775.7107,3777.57107,37.775710700000005,0.377757107
002127.SZ,002127,南极电商,20140904,6.85,6.95,6.62,6.68,6.85,-0.17,-2.48,107139.29,72543.5684,7254.35684,72.5435684,0.725435684
002127.SZ,002127,南极电商,20140905,6.63,6.73,6.61,6.73,6.68,0.05,0.75,49140.32,32817.0183,3281.7018300000004,32.8170183,0.328170183
002127.SZ,002127,南极电商,20140909,6.73,6.88,6.67,6.88,6.73,0.15,2.23,39950.26,27194.5773,2719.45773,27.1945773,0.271945773
002127.SZ,002127,南极电商,20140910,6.89,7.22,6.84,7.22,6.88,0.34,4.94,79137.7,56574.9926,5657.49926,56.5749926,0.565749926
002127.SZ,002127,南极电商,20140911,7.3,7.48,7.22,7.26,7.22,0.04,0.55,74892.81,55097.2993,5509.72993,55.0972993,0.5509729929999999
002127.SZ,002127,南极电商,20140912,7.26,7.4,7.22,7.37,7.26,0.11,1.52,43451.33,31742.147,3174.2147,31.742147,0.31742147
002127.SZ,002127,南极电商,20140915,7.41,7.67,7.41,7.62,7.37,0.25,3.39,63737.28,48202.0311,4820.20311,48.202031100000006,0.4820203110000001
002127.SZ,002127,南极电商,20140916,7.7,7.88,7.35,7.38,7.62,-0.24,-3.15,77913.57,59840.9994,5984.09994,59.8409994,0.5984099940000001
002127.SZ,002127,南极电商,20140917,7.39,7.56,7.21,7.55,7.38,0.17,2.3,42432.95,31426.8987,3142.68987,31.4268987,0.314268987
002127.SZ,002127,南极电商,20140918,7.55,7.59,7.43,7.51,7.55,-0.04,-0.53,37568.98,28139.9302,2813.99302,28.1399302,0.2813993019999999
002127.SZ,002127,南极电商,20140919,7.49,7.55,7.4,7.51,7.51,0.0,0.0,26058.69,19492.4891,1949.24891,19.4924891,0.1949248909999999
002127.SZ,002127,南极电商,20140922,7.45,7.45,7.15,7.23,7.51,-0.28,-3.73,50889.58,37105.9498,3710.59498,37.105949800000005,0.371059498
002127.SZ,002127,南极电商,20140923,7.23,7.31,7.19,7.26,7.23,0.03,0.41,31532.07,22862.9511,2286.29511,22.8629511,0.228629511
002127.SZ,002127,南极电商,20140924,7.26,7.45,7.23,7.39,7.26,0.13,1.79,32849.77,24036.1241,2403.61241,24.0361241,0.240361241
002127.SZ,002127,南极电商,20140925,7.39,7.64,7.39,7.5,7.39,0.11,1.49,51304.51,38716.121,3871.6121,38.716121,0.38716121
002127.SZ,002127,南极电商,20140926,7.5,7.64,7.43,7.61,7.5,0.11,1.47,34962.18,26440.3411,2644.03411,26.4403411,0.264403411
002127.SZ,002127,南极电商,20140929,7.63,7.85,7.63,7.76,7.61,0.15,1.97,62451.4,48473.0632,4847.30632,48.4730632,0.484730632
002127.SZ,002127,南极电商,20140930,7.84,7.84,7.63,7.73,7.76,-0.03,-0.39,42926.23,33137.8896,3313.7889600000003,33.1378896,0.331378896
002127.SZ,002127,南极电商,20141008,7.79,8.11,7.73,8.01,7.73,0.28,3.62,55502.43,43967.7386,4396.773859999999,43.96773859999999,0.4396773859999999
002127.SZ,002127,南极电商,20141009,8.05,8.05,7.81,7.89,8.01,-0.12,-1.5,44205.16,34943.6045,3494.36045,34.9436045,0.349436045
002127.SZ,002127,南极电商,20141010,7.89,8.03,7.78,7.8,7.89,-0.09,-1.14,38215.46,30115.6207,3011.56207,30.1156207,0.301156207
002127.SZ,002127,南极电商,20141013,7.8,7.85,7.5,7.75,7.8,-0.05,-0.64,38410.54,29474.8573,2947.48573,29.4748573,0.294748573
002127.SZ,002127,南极电商,20141014,7.8,7.89,7.72,7.8,7.75,0.05,0.65,31252.38,24429.8829,2442.98829,24.429882900000003,0.244298829
002127.SZ,002127,南极电商,20141015,7.74,7.86,7.65,7.85,7.8,0.05,0.64,58006.45,44970.5291,4497.05291,44.9705291,0.449705291
002127.SZ,002127,南极电商,20141016,7.92,8.24,7.82,8.16,7.85,0.31,3.95,143910.13,118001.4022,11800.14022,118.0014022,1.180014022
002127.SZ,002127,南极电商,20141017,8.18,8.47,7.83,8.4,8.16,0.24,2.94,104288.88,84944.1318,8494.41318,84.9441318,0.8494413179999999
002127.SZ,002127,南极电商,20141020,8.36,8.5,8.16,8.37,8.4,-0.03,-0.36,56045.33,46368.9068,4636.89068,46.3689068,0.463689068
002127.SZ,002127,南极电商,20141021,8.3,8.77,8.3,8.76,8.37,0.39,4.66,83028.48,71428.1904,7142.81904,71.4281904,0.714281904
002127.SZ,002127,南极电商,20141022,8.77,8.8,8.47,8.51,8.76,-0.25,-2.85,59302.32,51409.4252,5140.94252,51.4094252,0.5140942519999999
002127.SZ,002127,南极电商,20141023,8.46,8.59,8.25,8.36,8.51,-0.15,-1.76,44750.42,37550.4215,3755.04215,37.5504215,0.375504215
002127.SZ,002127,南极电商,20141024,8.38,8.45,8.18,8.32,8.36,-0.04,-0.48,36063.19,29806.1666,2980.61666,29.8061666,0.298061666
002127.SZ,002127,南极电商,20141027,8.32,8.68,7.9,8.62,8.32,0.3,3.61,60487.23,50092.04,5009.204,50.09204,0.5009203999999999
002127.SZ,002127,南极电商,20141028,8.7,8.82,8.52,8.64,8.62,0.02,0.23,41605.49,36080.8533,3608.08533,36.0808533,0.360808533
002127.SZ,002127,南极电商,20141029,8.63,8.86,8.6,8.74,8.64,0.1,1.16,35854.1,31269.3082,3126.93082,31.2693082,0.312693082
002127.SZ,002127,南极电商,20141030,8.79,9.05,8.66,8.86,8.74,0.12,1.37,42429.3,37578.3868,3757.83868,37.5783868,0.3757838679999999
002127.SZ,002127,南极电商,20141031,8.85,8.96,8.75,8.94,8.86,0.08,0.9,32708.66,28988.2758,2898.82758,28.9882758,0.289882758
002127.SZ,002127,南极电商,20141103,9.0,9.39,9.0,9.39,8.94,0.45,5.03,79573.15,74193.2681,7419.32681,74.19326810000001,0.7419326810000001
002127.SZ,002127,南极电商,20141104,9.41,9.79,9.2,9.47,9.39,0.08,0.85,66683.35,63282.3043,6328.2304300000005,63.28230430000001,0.632823043
002127.SZ,002127,南极电商,20141105,9.52,9.6,9.11,9.13,9.47,-0.34,-3.59,59174.94,54728.742,5472.8742,54.728742,0.5472874200000001
002127.SZ,002127,南极电商,20141106,9.18,9.35,8.88,9.21,9.13,0.08,0.88,61959.33,56172.2722,5617.22722,56.1722722,0.561722722
002127.SZ,002127,南极电商,20141107,9.19,9.67,9.19,9.67,9.21,0.46,4.99,68748.25,65053.6533,6505.36533,65.0536533,0.6505365329999999
002127.SZ,002127,南极电商,20141110,9.67,9.86,9.47,9.64,9.67,-0.03,-0.31,51032.54,49400.8715,4940.08715,49.4008715,0.494008715
002127.SZ,002127,南极电商,20141111,9.61,9.76,9.21,9.37,9.64,-0.27,-2.8,67043.69,63634.3392,6363.43392,63.63433920000001,0.6363433920000001
002127.SZ,002127,南极电商,20141112,9.22,9.54,9.22,9.5,9.37,0.13,1.39,27451.14,25923.5523,2592.35523,25.9235523,0.259235523
002127.SZ,002127,南极电商,20141113,9.5,9.66,9.16,9.19,9.5,-0.31,-3.26,40266.5,37723.2254,3772.32254,37.7232254,0.377232254
002127.SZ,002127,南极电商,20141114,9.19,9.22,8.73,8.85,9.19,-0.34,-3.7,63356.41,56235.9647,5623.59647,56.2359647,0.562359647
002127.SZ,002127,南极电商,20141117,8.85,8.88,8.46,8.6,8.85,-0.25,-2.82,57253.17,49548.0548,4954.80548,49.5480548,0.495480548
002127.SZ,002127,南极电商,20141118,8.6,8.8,8.51,8.73,8.6,0.13,1.51,37460.76,32667.1313,3266.71313,32.6671313,0.326671313
002127.SZ,002127,南极电商,20141119,8.71,8.96,8.63,8.78,8.73,0.05,0.57,31205.39,27266.7971,2726.67971,27.2667971,0.2726679709999999
002127.SZ,002127,南极电商,20141120,8.84,8.95,8.75,8.82,8.78,0.04,0.46,28230.02,24969.7146,2496.97146,24.9697146,0.2496971459999999
002127.SZ,002127,南极电商,20141121,8.93,8.93,8.73,8.77,8.82,-0.05,-0.57,21116.71,18570.0451,1857.00451,18.5700451,0.185700451
002127.SZ,002127,南极电商,20141124,8.86,8.95,8.61,8.77,8.77,0.0,0.0,40504.47,35562.4699,3556.24699,35.5624699,0.355624699
002127.SZ,002127,南极电商,20141125,8.75,8.89,8.6,8.73,8.77,-0.04,-0.46,48808.17,42731.786,4273.1786,42.731786,0.42731786
002127.SZ,002127,南极电商,20141126,8.74,8.75,8.3,8.35,8.73,-0.38,-4.35,86316.0,72755.2897,7275.528969999999,72.75528969999999,0.7275528969999999
002127.SZ,002127,南极电商,20141127,8.37,8.61,8.37,8.55,8.35,0.2,2.4,39171.24,33260.0422,3326.0042200000003,33.2600422,0.332600422
002127.SZ,002127,南极电商,20141128,8.6,8.83,8.57,8.83,8.55,0.28,3.27,66243.15,57881.5357,5788.15357,57.8815357,0.578815357
002127.SZ,002127,南极电商,20141201,8.9,8.97,8.67,8.83,8.83,0.0,0.0,44983.16,39544.2297,3954.422970000001,39.5442297,0.395442297
002127.SZ,002127,南极电商,20141202,8.83,8.95,8.71,8.86,8.83,0.03,0.34,37560.6,33344.2515,3334.42515,33.3442515,0.333442515
002127.SZ,002127,南极电商,20141203,8.92,8.95,8.6,8.76,8.86,-0.1,-1.13,63055.46,55246.3472,5524.63472,55.2463472,0.552463472
002127.SZ,002127,南极电商,20141204,8.66,8.8,8.61,8.68,8.76,-0.08,-0.91,53298.78,46297.1227,4629.71227,46.2971227,0.462971227
002127.SZ,002127,南极电商,20141205,8.71,8.79,8.25,8.33,8.68,-0.35,-4.03,80805.79,67778.1842,6777.8184200000005,67.7781842,0.677781842
002127.SZ,002127,南极电商,20141208,8.2,8.2,7.91,7.91,8.33,-0.42,-5.04,101810.51,81265.0887,8126.50887,81.26508869999999,0.8126508869999999
002127.SZ,002127,南极电商,20141209,7.65,7.78,7.51,7.51,7.91,-0.4,-5.06,99770.55,75504.8657,7550.486569999999,75.5048657,0.755048657
002127.SZ,002127,南极电商,20141210,7.39,7.89,7.28,7.89,7.51,0.38,5.06,50156.82,38341.584,3834.1584,38.341584000000005,0.38341584
002127.SZ,002127,南极电商,20141211,8.2,8.28,8.03,8.28,7.89,0.39,4.94,65896.72,54069.2614,5406.9261400000005,54.0692614,0.540692614
002127.SZ,002127,南极电商,20141212,8.45,8.69,8.4,8.69,8.28,0.41,4.95,63280.95,54808.8853,5480.88853,54.8088853,0.548088853
002127.SZ,002127,南极电商,20141215,8.9,8.99,8.38,8.79,8.69,0.1,1.15,65081.73,56953.5033,5695.350329999999,56.9535033,0.569535033
002127.SZ,002127,南极电商,20141216,8.88,9.08,8.62,8.96,8.79,0.17,1.93,60262.77,53309.1334,5330.91334,53.3091334,0.533091334
002127.SZ,002127,南极电商,20141217,8.91,9.13,8.75,8.8,8.96,-0.16,-1.79,31216.3,27876.8536,2787.68536,27.8768536,0.278768536
002127.SZ,002127,南极电商,20141218,8.8,8.89,8.68,8.74,8.8,-0.06,-0.68,27504.61,24162.669,2416.2669,24.162669,0.24162669
002127.SZ,002127,南极电商,20141219,8.74,8.78,8.5,8.68,8.74,-0.06,-0.69,28914.33,25030.5995,2503.05995,25.0305995,0.2503059949999999
002127.SZ,002127,南极电商,20141222,8.68,8.68,8.25,8.25,8.68,-0.43,-4.95,39147.8,32562.2924,3256.22924,32.5622924,0.325622924
002127.SZ,002127,南极电商,20141223,8.25,8.25,7.84,8.06,8.25,-0.19,-2.3,30263.78,24334.3734,2433.43734,24.3343734,0.243343734
002127.SZ,002127,南极电商,20141224,8.09,8.46,8.09,8.46,8.06,0.4,4.96,21615.01,18152.5305,1815.25305,18.1525305,0.181525305
002127.SZ,002127,南极电商,20141225,8.65,8.79,8.39,8.45,8.46,-0.01,-0.12,33474.17,28749.3771,2874.93771,28.7493771,0.287493771
002127.SZ,002127,南极电商,20141226,8.41,8.64,8.4,8.46,8.45,0.01,0.12,19656.19,16651.6542,1665.16542,16.6516542,0.166516542
002127.SZ,002127,南极电商,20141229,8.49,8.65,8.22,8.51,8.46,0.05,0.59,29298.29,24761.1996,2476.11996,24.7611996,0.247611996
002127.SZ,002127,南极电商,20141230,8.5,8.91,8.5,8.68,8.51,0.17,2.0,32318.2,28173.5917,2817.35917,28.173591700000003,0.281735917
002127.SZ,002127,南极电商,20141231,8.8,8.8,8.65,8.78,8.68,0.1,1.15,20881.11,18195.423,1819.5423,18.195423,0.18195423
002127.SZ,002127,南极电商,20150105,8.77,8.77,8.34,8.45,8.78,-0.33,-3.76,49116.11,41335.5614,4133.55614,41.3355614,0.413355614
002127.SZ,002127,南极电商,20150106,8.45,8.62,8.37,8.49,8.45,0.04,0.47,28301.69,24031.7245,2403.17245,24.0317245,0.2403172449999999
002127.SZ,002127,南极电商,20150107,8.4,8.57,8.38,8.46,8.49,-0.03,-0.35,16559.11,14001.4391,1400.14391,14.0014391,0.140014391
002127.SZ,002127,南极电商,20150108,8.46,8.58,8.4,8.49,8.46,0.03,0.35,18669.69,15827.7299,1582.77299,15.8277299,0.1582772989999999
002127.SZ,002127,南极电商,20150109,8.41,8.49,8.22,8.3,8.49,-0.19,-2.24,24915.98,20817.9864,2081.79864,20.8179864,0.208179864
002127.SZ,002127,南极电商,20150112,8.3,8.3,7.9,8.09,8.3,-0.21,-2.53,29286.64,23638.4943,2363.84943,23.6384943,0.236384943
002127.SZ,002127,南极电商,20150113,8.0,8.24,8.0,8.14,8.09,0.05,0.62,15829.91,12885.4964,1288.54964,12.8854964,0.128854964
002127.SZ,002127,南极电商,20150114,8.1,8.35,8.08,8.25,8.14,0.11,1.35,18985.56,15666.6735,1566.6673500000002,15.666673500000002,0.156666735
002127.SZ,002127,南极电商,20150115,8.28,8.5,8.25,8.49,8.25,0.24,2.91,24343.04,20461.977,2046.1977,20.461977,0.20461977
002127.SZ,002127,南极电商,20150116,8.39,8.58,8.39,8.47,8.49,-0.02,-0.24,22081.39,18868.7947,1886.87947,18.8687947,0.188687947
002127.SZ,002127,南极电商,20150119,8.36,8.4,8.08,8.2,8.47,-0.27,-3.19,27135.82,22315.5011,2231.55011,22.3155011,0.223155011
002127.SZ,002127,南极电商,20150120,8.2,8.48,8.13,8.36,8.2,0.16,1.95,19274.58,16064.0482,1606.40482,16.0640482,0.1606404819999999
002127.SZ,002127,南极电商,20150121,8.4,8.58,8.34,8.4,8.36,0.04,0.48,38217.41,32241.8236,3224.18236,32.2418236,0.3224182359999999
002127.SZ,002127,南极电商,20150122,8.5,8.52,8.42,8.47,8.4,0.07,0.83,25412.31,21520.2397,2152.02397,21.5202397,0.215202397
002127.SZ,002127,南极电商,20150123,8.51,8.59,8.47,8.57,8.47,0.1,1.18,36089.3,30792.3848,3079.23848,30.7923848,0.307923848
002127.SZ,002127,南极电商,20150126,8.58,8.88,8.57,8.88,8.57,0.31,3.62,50934.21,44934.3773,4493.43773,44.9343773,0.4493437729999999
002127.SZ,002127,南极电商,20150127,8.89,9.07,8.87,9.0,8.88,0.12,1.35,49828.59,44699.4916,4469.94916,44.6994916,0.446994916
002127.SZ,002127,南极电商,20150128,8.99,9.02,8.74,8.84,9.0,-0.16,-1.78,32929.36,29201.266,2920.1266,29.201266,0.29201266
002127.SZ,002127,南极电商,20150129,8.85,9.03,8.79,8.88,8.84,0.04,0.45,30827.4,27481.2603,2748.1260300000004,27.4812603,0.274812603
002127.SZ,002127,南极电商,20150130,8.88,9.01,8.85,8.89,8.88,0.01,0.11,28459.23,25428.9834,2542.89834,25.428983400000003,0.254289834
002127.SZ,002127,南极电商,20150202,8.8,8.8,8.59,8.62,8.89,-0.27,-3.04,34545.18,29940.9791,2994.09791,29.9409791,0.299409791
002127.SZ,002127,南极电商,20150203,8.62,8.77,8.62,8.71,8.62,0.09,1.04,14973.46,13022.6805,1302.26805,13.022680500000002,0.130226805
002127.SZ,002127,南极电商,20150204,8.78,8.79,8.67,8.7,8.71,-0.01,-0.11,14708.82,12815.4184,1281.54184,12.8154184,0.128154184
002127.SZ,002127,南极电商,20150205,8.79,8.79,8.46,8.6,8.7,-0.1,-1.15,16005.5,13868.787,1386.8787,13.868787,0.13868787
002127.SZ,002127,南极电商,20150206,8.6,8.74,8.5,8.6,8.6,0.0,0.0,18827.87,16295.8009,1629.58009,16.2958009,0.162958009
002127.SZ,002127,南极电商,20150209,8.69,8.74,8.6,8.62,8.6,0.02,0.23,12799.78,11078.3267,1107.83267,11.0783267,0.110783267
002127.SZ,002127,南极电商,20150210,8.6,8.69,8.54,8.67,8.62,0.05,0.58,15368.75,13247.051,1324.7051,13.247051,0.1324705099999999
002127.SZ,002127,南极电商,20150211,8.66,8.71,8.59,8.66,8.67,-0.01,-0.12,16889.51,14619.0673,1461.9067300000002,14.6190673,0.146190673
002127.SZ,002127,南极电商,20150212,8.61,8.78,8.6,8.73,8.66,0.07,0.81,25447.88,22074.4384,2207.44384,22.0744384,0.220744384
002127.SZ,002127,南极电商,20150213,8.73,8.85,8.71,8.84,8.73,0.11,1.26,32773.02,28772.9135,2877.29135,28.7729135,0.287729135
002127.SZ,002127,南极电商,20150216,8.84,9.12,8.84,8.98,8.84,0.14,1.58,46417.62,41904.7085,4190.47085,41.9047085,0.419047085
002127.SZ,002127,南极电商,20150217,8.98,9.1,8.95,9.01,8.98,0.03,0.33,22090.39,19884.188,1988.4188,19.884188,0.1988418799999999
002127.SZ,002127,南极电商,20150225,9.01,9.24,9.01,9.2,9.01,0.19,2.11,41300.03,37757.4489,3775.74489,37.75744890000001,0.377574489
002127.SZ,002127,南极电商,20150226,9.15,9.29,9.12,9.15,9.2,-0.05,-0.54,44295.37,40817.8231,4081.78231,40.8178231,0.408178231
002127.SZ,002127,南极电商,20150227,9.15,9.22,9.11,9.22,9.15,0.07,0.77,30684.28,28108.9212,2810.89212,28.1089212,0.281089212
002127.SZ,002127,南极电商,20150302,9.24,9.24,8.98,9.11,9.22,-0.11,-1.19,41759.24,37974.9515,3797.49515,37.9749515,0.379749515
002127.SZ,002127,南极电商,20150303,9.1,9.11,8.83,9.02,9.11,-0.09,-0.99,57729.69,51664.5265,5166.45265,51.6645265,0.516645265
002127.SZ,002127,南极电商,20150304,9.01,9.07,8.9,9.03,9.02,0.01,0.11,29120.8,26146.1465,2614.61465,26.1461465,0.261461465
002127.SZ,002127,南极电商,20150305,9.05,9.1,8.91,9.08,9.03,0.05,0.55,28977.2,26133.4956,2613.34956,26.1334956,0.2613349559999999
002127.SZ,002127,南极电商,20150306,9.09,9.53,9.0,9.53,9.08,0.45,4.96,91917.97,86842.9648,8684.29648,86.8429648,0.868429648
002127.SZ,002127,南极电商,20150309,9.64,9.64,9.36,9.48,9.53,-0.05,-0.52,49132.16,46639.1794,4663.91794,46.6391794,0.466391794
002127.SZ,002127,南极电商,20150310,9.55,9.95,9.43,9.95,9.48,0.47,4.96,81468.45,80122.022,8012.2022,80.122022,0.80122022
002127.SZ,002127,南极电商,20150424,10.95,10.95,10.95,10.95,9.95,1.0,10.05,5874.4,6432.468,643.2468,6.432468,0.06432468
002127.SZ,002127,南极电商,20150427,12.05,12.05,12.05,12.05,10.95,1.1,10.05,7824.21,9428.1731,942.81731,9.4281731,0.094281731
002127.SZ,002127,南极电商,20150428,12.48,12.5,11.03,11.37,12.05,-0.68,-5.64,415229.53,488650.8678,48865.08678,488.6508678,4.886508677999999
002127.SZ,002127,南极电商,20150429,11.2,12.51,10.8,12.51,11.37,1.14,10.03,285687.96,341424.3354,34142.43354,341.4243354,3.4142433539999995
002127.SZ,002127,南极电商,20150910,11.26,13.0,11.26,11.26,12.51,-1.25,-9.99,647627.04,744387.6736,74438.76736,744.3876736,7.443876736
002127.SZ,002127,南极电商,20150911,11.7,12.39,11.6,12.39,11.26,1.13,10.04,158698.92,193422.6558,19342.26558,193.4226558,1.934226558
002127.SZ,002127,南极电商,20150914,13.63,13.63,11.15,11.15,12.39,-1.24,-10.01,730452.49,933136.1598,93313.61598,933.1361598,9.331361598
002127.SZ,002127,南极电商,20150915,10.04,10.04,10.04,10.04,11.15,-1.11,-9.96,28546.0,28660.184,2866.0184,28.660184,0.28660184
002127.SZ,002127,南极电商,20150916,9.04,10.99,9.04,10.37,10.04,0.33,3.29,587593.72,557680.7157,55768.07156999999,557.6807157,5.576807156999999
002127.SZ,002127,南极电商,20150917,9.68,10.68,9.33,9.34,10.37,-1.03,-9.93,469141.48,458165.811,45816.5811,458.165811,4.581658109999999
002127.SZ,002127,南极电商,20150918,9.17,9.33,8.42,8.45,9.34,-0.89,-9.53,323736.16,285466.2908,28546.62908,285.4662908,2.8546629080000003
002127.SZ,002127,南极电商,20150921,8.35,8.88,8.13,8.83,8.45,0.38,4.5,250352.01,216308.6068,21630.86068,216.3086068,2.163086068
002127.SZ,002127,南极电商,20150922,8.75,9.7,8.63,9.01,8.83,0.18,2.04,259827.81,237195.81,23719.581,237.19581,2.3719581
002127.SZ,002127,南极电商,20150923,8.75,9.33,8.51,8.95,9.01,-0.06,-0.67,216851.78,192650.6059,19265.06059,192.6506059,1.9265060590000005
002127.SZ,002127,南极电商,20150924,8.9,9.5,8.9,9.14,8.95,0.19,2.12,206534.62,189321.4717,18932.14717,189.3214717,1.893214717
002127.SZ,002127,南极电商,20150925,9.05,9.3,8.23,8.39,9.14,-0.75,-8.21,192777.57,169548.7202,16954.872020000003,169.54872020000002,1.6954872020000002
002127.SZ,002127,南极电商,20150928,8.38,8.45,8.03,8.34,8.39,-0.05,-0.6,118229.96,97843.4243,9784.34243,97.8434243,0.978434243
002127.SZ,002127,南极电商,20150929,8.13,8.88,8.13,8.46,8.34,0.12,1.44,187967.83,159753.3226,15975.33226,159.75332260000002,1.597533226
002127.SZ,002127,南极电商,20150930,8.54,8.67,8.28,8.31,8.46,-0.15,-1.77,90293.14,76222.4818,7622.24818,76.2224818,0.762224818
002127.SZ,002127,南极电商,20151008,8.65,8.7,8.4,8.49,8.31,0.18,2.17,135249.18,115415.2109,11541.52109,115.4152109,1.154152109
002127.SZ,002127,南极电商,20151009,8.43,8.78,8.42,8.65,8.49,0.16,1.88,141571.29,122191.7243,12219.17243,122.1917243,1.221917243
002127.SZ,002127,南极电商,20151012,8.73,9.4,8.71,9.23,8.65,0.58,6.71,221164.48,202761.5177,20276.15177,202.7615177,2.027615177
002127.SZ,002127,南极电商,20151013,9.06,10.15,9.06,10.15,9.23,0.92,9.97,200574.1,196730.8976,19673.08976,196.7308976,1.967308976
002127.SZ,002127,南极电商,20151014,10.7,11.17,10.53,11.15,10.15,1.0,9.85,506300.83,552870.275,55287.0275,552.870275,5.52870275
002127.SZ,002127,南极电商,20151015,10.82,11.97,10.71,11.71,11.15,0.56,5.02,391022.77,448686.5011,44868.65011,448.6865011,4.486865011000001
002127.SZ,002127,南极电商,20151016,11.59,12.88,11.59,12.88,11.71,1.17,9.99,415677.4,525513.6979,52551.36979,525.5136979,5.255136979
002127.SZ,002127,南极电商,20151019,13.5,14.17,13.0,13.51,12.88,0.63,4.89,545993.85,748263.727,74826.37269999999,748.2637269999999,7.482637269999999
002127.SZ,002127,南极电商,20151020,13.2,14.36,13.12,14.05,13.51,0.54,4.0,387270.05,529659.1276,52965.91276,529.6591276,5.296591276
002127.SZ,002127,南极电商,20151021,13.7,13.96,12.65,12.65,14.05,-1.4,-9.96,359570.18,477883.5745,47788.35745,477.8835745,4.778835744999999
002127.SZ,002127,南极电商,20151022,12.51,13.8,12.51,13.58,12.65,0.93,7.35,303167.24,400838.6671,40083.86671,400.8386671,4.008386671
002127.SZ,002127,南极电商,20151023,13.39,14.94,13.31,14.94,13.58,1.36,10.01,405912.33,591371.7787,59137.17787,591.3717787,5.913717787
002127.SZ,002127,南极电商,20151026,15.0,15.0,13.45,13.59,14.94,-1.35,-9.04,419450.23,582942.5141,58294.25141,582.9425141,5.829425141000001
002127.SZ,002127,南极电商,20151027,13.15,14.2,13.1,13.76,13.59,0.17,1.25,245999.52,338864.1388,33886.41388,338.8641388,3.388641388
002127.SZ,002127,南极电商,20151028,13.78,14.38,12.61,12.73,13.76,-1.03,-7.49,245284.09,327108.5018,32710.85018,327.1085018,3.271085018
002127.SZ,002127,南极电商,20151029,12.9,13.65,12.68,13.25,12.73,0.52,4.08,189206.94,249228.5142,24922.85142,249.2285142,2.492285142
002127.SZ,002127,南极电商,20151030,13.02,13.79,12.52,13.54,13.25,0.29,2.19,247880.02,332118.5725,33211.85725,332.1185725,3.3211857250000003
002127.SZ,002127,南极电商,20151102,12.95,14.89,12.66,14.89,13.54,1.35,9.97,403324.99,591541.1864,59154.11864,591.5411864,5.915411864
002127.SZ,002127,南极电商,20151103,15.36,16.38,15.11,16.38,14.89,1.49,10.01,221104.64,352989.3811,35298.93811,352.9893811,3.529893811
002127.SZ,002127,南极电商,20151104,17.25,18.02,15.8,17.35,16.38,0.97,5.92,589639.82,999362.9011,99936.29011,999.3629011,9.993629011
002127.SZ,002127,南极电商,20151105,16.92,18.23,16.38,16.97,17.35,-0.38,-2.19,459638.51,790499.2404,79049.92404,790.4992404,7.904992404
002127.SZ,002127,南极电商,20151106,16.77,17.44,16.49,16.66,16.97,-0.31,-1.83,357869.21,603631.6474,60363.16474,603.6316474,6.036316474
002127.SZ,002127,南极电商,20151109,16.09,17.8,16.03,16.95,16.66,0.29,1.74,361022.79,611222.8609,61122.28609,611.2228608999999,6.112228608999999
002127.SZ,002127,南极电商,20151110,16.68,18.6,16.38,17.45,16.95,0.5,2.95,307658.9,541078.9261,54107.89261,541.0789261,5.410789261
002127.SZ,002127,南极电商,20151111,17.46,17.76,16.5,17.06,17.45,-0.39,-2.24,213816.36,365394.5367,36539.45367,365.3945367,3.653945367
002127.SZ,002127,南极电商,20151112,17.15,17.32,16.3,16.69,17.06,-0.37,-2.17,176520.01,294875.147,29487.5147,294.875147,2.9487514699999995
002127.SZ,002127,南极电商,20151113,16.52,18.36,16.48,18.36,16.69,1.67,10.01,295099.8,526013.97,52601.397,526.01397,5.2601397
002127.SZ,002127,南极电商,20151116,17.98,19.93,17.4,18.95,18.36,0.59,3.21,283024.75,530549.7814,53054.97814,530.5497814,5.305497814000001
002127.SZ,002127,南极电商,20151117,19.1,20.66,18.4,19.56,18.95,0.61,3.22,210539.98,411706.5197,41170.65197,411.7065197,4.117065197
002127.SZ,002127,南极电商,20151118,19.37,20.94,19.18,19.8,19.56,0.24,1.23,228723.13,459446.5661,45944.65661,459.4465661,4.594465661
002127.SZ,002127,南极电商,20151126,21.78,21.78,19.8,20.55,19.8,0.75,3.79,313988.58,662605.7206,66260.57206,662.6057206,6.6260572060000005
002127.SZ,002127,南极电商,20151127,19.5,20.1,18.5,18.5,20.55,-2.05,-9.98,223565.71,423680.9701,42368.09701,423.6809701,4.236809700999999
002127.SZ,002127,南极电商,20151130,17.85,19.78,17.39,19.67,18.5,1.17,6.32,257311.55,476639.2995,47663.929950000005,476.6392995000001,4.766392995
002127.SZ,002127,南极电商,20151201,19.21,20.65,18.62,18.81,19.67,-0.86,-4.37,168686.32,333194.9861,33319.498609999995,333.19498609999994,3.331949861
002127.SZ,002127,南极电商,20151202,18.38,18.95,17.0,18.7,18.81,-0.11,-0.58,110616.45,202359.9198,20235.99198,202.3599198,2.023599198
002127.SZ,002127,南极电商,20151203,18.75,20.57,18.7,20.5,18.7,1.8,9.63,167788.53,334712.8709,33471.28709,334.7128709,3.347128709
002127.SZ,002127,南极电商,20151204,20.49,20.6,19.71,20.03,20.5,-0.47,-2.29,110866.08,222979.763,22297.9763,222.979763,2.22979763
002127.SZ,002127,南极电商,20151207,20.02,20.38,19.4,19.67,20.03,-0.36,-1.8,102073.47,202536.5794,20253.65794,202.5365794,2.025365794
002127.SZ,002127,南极电商,20151208,19.5,20.22,19.01,19.23,19.67,-0.44,-2.24,69535.96,135575.6334,13557.56334,135.5756334,1.3557563339999998
002127.SZ,002127,南极电商,20151209,18.73,19.9,18.5,19.03,19.23,-0.2,-1.04,88912.91,171226.3863,17122.63863,171.2263863,1.712263863
002127.SZ,002127,南极电商,20151210,18.85,19.52,18.43,18.44,19.03,-0.59,-3.1,97749.34,185715.8023,18571.58023,185.7158023,1.857158023
002127.SZ,002127,南极电商,20151211,18.35,18.7,17.5,17.59,18.44,-0.85,-4.61,106797.91,191723.3274,19172.33274,191.7233274,1.917233274
002127.SZ,002127,南极电商,20151214,17.5,18.86,17.02,18.58,17.59,0.99,5.63,96121.77,172975.68,17297.568,172.97567999999998,1.7297568
002127.SZ,002127,南极电商,20151215,18.5,19.06,18.34,18.42,18.58,-0.16,-0.86,73960.33,137814.0297,13781.40297,137.81402970000002,1.3781402970000003
002127.SZ,002127,南极电商,20151216,18.34,19.19,18.34,18.6,18.42,0.18,0.98,89904.68,168616.5159,16861.65159,168.61651590000002,1.6861651590000002
002127.SZ,002127,南极电商,20151217,18.78,19.47,18.61,19.29,18.6,0.69,3.71,88183.89,167993.6277,16799.36277,167.9936277,1.679936277
002127.SZ,002127,南极电商,20151218,19.18,19.49,18.5,18.56,19.29,-0.73,-3.78,75899.41,142606.7756,14260.67756,142.6067756,1.426067756
002127.SZ,002127,南极电商,20151221,18.82,19.97,18.82,19.19,18.56,0.63,3.39,122124.31,235177.0853,23517.70853,235.1770853,2.351770853
002127.SZ,002127,南极电商,20151222,19.1,19.1,18.11,18.69,19.19,-0.5,-2.61,99133.83,182825.3309,18282.53309,182.8253309,1.828253309
002127.SZ,002127,南极电商,20151223,18.8,18.8,17.92,18.04,18.69,-0.65,-3.48,84025.73,153093.344,15309.334400000002,153.093344,1.53093344
002127.SZ,002127,南极电商,20151224,17.69,18.25,17.01,18.1,18.04,0.06,0.33,82388.46,144755.4064,14475.54064,144.7554064,1.447554064
002127.SZ,002127,南极电商,20151225,18.0,19.79,18.0,19.26,18.1,1.16,6.41,174493.64,333102.74,33310.274,333.10274,3.3310274
002127.SZ,002127,南极电商,20151228,18.9,19.93,18.57,18.98,19.26,-0.28,-1.45,130200.31,251489.2101,25148.92101,251.4892101,2.514892101
002127.SZ,002127,南极电商,20151229,18.98,19.1,18.29,18.77,18.98,-0.21,-1.11,77138.04,143155.3864,14315.53864,143.1553864,1.431553864
002127.SZ,002127,南极电商,20151230,18.77,20.3,18.41,19.97,18.77,1.2,6.39,143349.01,282886.8575,28288.68575,282.8868575,2.828868575
002127.SZ,002127,南极电商,20151231,20.0,20.2,18.51,18.72,19.97,-1.25,-6.26,131185.83,256030.5331,25603.05331,256.0305331,2.5603053310000004
002127.SZ,002127,南极电商,20160104,18.21,18.49,16.85,16.85,18.72,-1.87,-9.99,85135.57,150832.1659,15083.21659,150.8321659,1.508321659
002127.SZ,002127,南极电商,20160105,15.72,17.28,15.17,16.28,16.85,-0.57,-3.38,138801.93,223778.3897,22377.83897,223.7783897,2.2377838970000004
002127.SZ,002127,南极电商,20160106,16.11,16.96,16.11,16.76,16.28,0.48,2.95,73659.22,121952.4181,12195.24181,121.9524181,1.219524181
002127.SZ,002127,南极电商,20160107,16.49,16.49,15.08,15.08,16.76,-1.68,-10.02,14456.0,22402.3289,2240.23289,22.4023289,0.224023289
002127.SZ,002127,南极电商,20160108,15.45,16.53,13.66,15.62,15.08,0.54,3.58,119833.16,183238.9181,18323.89181,183.2389181,1.832389181
002127.SZ,002127,南极电商,20160111,15.64,16.25,14.17,14.56,15.62,-1.06,-6.79,84371.46,128739.8612,12873.98612,128.7398612,1.287398612
002127.SZ,002127,南极电商,20160112,14.3,15.09,14.05,14.62,14.56,0.06,0.41,65400.47,95338.5895,9533.85895,95.3385895,0.953385895
002127.SZ,002127,南极电商,20160113,14.69,15.18,13.88,14.0,14.62,-0.62,-4.24,70694.7,102144.5737,10214.45737,102.1445737,1.021445737
002127.SZ,002127,南极电商,20160114,14.3,15.4,14.05,15.4,14.0,1.4,10.0,115180.41,171592.5742,17159.25742,171.59257420000003,1.7159257420000005
002127.SZ,002127,南极电商,20160115,15.0,16.29,14.95,15.63,15.4,0.23,1.49,135996.67,214472.0535,21447.20535,214.4720535,2.1447205350000003
002127.SZ,002127,南极电商,20160118,15.22,17.19,15.22,16.72,15.63,1.09,6.97,119659.31,196962.1555,19696.21555,196.9621555,1.969621555
002127.SZ,002127,南极电商,20160119,16.49,17.49,16.31,17.48,16.72,0.76,4.55,108493.31,184664.075,18466.4075,184.66407500000005,1.84664075
002127.SZ,002127,南极电商,20160120,17.36,18.3,16.81,17.07,17.48,-0.41,-2.35,122149.3,215059.8121,21505.98121,215.0598121,2.1505981210000003
002127.SZ,002127,南极电商,20160121,16.68,17.23,15.6,15.7,17.07,-1.37,-8.03,85435.5,140399.7924,14039.97924,140.3997924,1.403997924
002127.SZ,002127,南极电商,20160122,16.01,16.44,15.0,15.8,15.7,0.1,0.64,71435.16,112333.7716,11233.37716,112.3337716,1.123337716
002127.SZ,002127,南极电商,20160125,16.15,17.38,16.15,17.38,15.8,1.58,10.0,57235.14,97745.1982,9774.51982,97.7451982,0.977451982
002127.SZ,002127,南极电商,20160126,17.85,19.12,17.51,18.05,17.38,0.67,3.86,333526.5,620667.4034,62066.74034,620.6674034,6.206674034
002127.SZ,002127,南极电商,20160127,18.53,18.53,16.6,18.03,18.05,-0.02,-0.11,160545.57,284712.7514,28471.27514,284.7127514,2.847127514
002127.SZ,002127,南极电商,20160128,17.95,18.27,16.8,17.28,18.03,-0.75,-4.16,106162.44,185960.4972,18596.049720000003,185.9604972,1.8596049720000003
002127.SZ,002127,南极电商,20160129,16.99,19.01,16.5,18.43,17.28,1.15,6.66,132718.51,240259.4708,24025.94708,240.25947080000003,2.4025947080000005
002127.SZ,002127,南极电商,20160201,18.0,19.06,17.5,17.7,18.43,-0.73,-3.96,117410.74,214436.4516,21443.64516,214.4364516,2.144364516
002127.SZ,002127,南极电商,20160202,17.4,19.05,17.4,18.91,17.7,1.21,6.84,96401.58,178203.4825,17820.348250000003,178.20348250000004,1.7820348250000004
002127.SZ,002127,南极电商,20160203,18.48,19.18,18.24,18.85,18.91,-0.06,-0.32,90347.37,169187.6815,16918.76815,169.1876815,1.691876815
002127.SZ,002127,南极电商,20160204,19.2,19.45,18.53,18.7,18.85,-0.15,-0.8,92330.66,173634.2162,17363.42162,173.6342162,1.736342162
002127.SZ,002127,南极电商,20160205,18.88,18.97,17.5,17.5,18.7,-1.2,-6.42,104435.6,187769.9654,18776.99654,187.7699654,1.877699654
002127.SZ,002127,南极电商,20160215,17.05,18.2,16.4,17.8,17.5,0.3,1.71,58830.46,102767.56,10276.756,102.76756,1.0276755999999998
002127.SZ,002127,南极电商,20160216,18.04,18.74,17.8,18.27,17.8,0.47,2.64,94935.44,172797.1937,17279.71937,172.79719369999998,1.7279719369999995
002127.SZ,002127,南极电商,20160217,18.33,18.35,17.68,18.06,18.27,-0.21,-1.15,55979.51,100519.4192,10051.94192,100.51941920000002,1.0051941920000005
002127.SZ,002127,南极电商,20160218,18.19,18.94,18.19,18.24,18.06,0.18,1.0,74489.06,138046.8561,13804.68561,138.0468561,1.380468561
002127.SZ,002127,南极电商,20160219,18.0,18.51,17.46,17.82,18.24,-0.42,-2.3,89602.87,160715.6788,16071.56788,160.71567879999998,1.6071567879999995
002127.SZ,002127,南极电商,20160222,18.0,18.15,17.4,17.8,17.82,-0.02,-0.11,97043.8,170787.9688,17078.79688,170.78796880000002,1.7078796880000002
002127.SZ,002127,南极电商,20160223,17.74,17.8,17.34,17.59,17.8,-0.21,-1.18,74254.52,130261.2095,13026.12095,130.2612095,1.302612095
002127.SZ,002127,南极电商,20160224,17.59,17.96,16.13,16.9,17.59,-0.69,-3.92,116045.45,196710.5314,19671.05314,196.7105314,1.967105314
002127.SZ,002127,南极电商,20160225,16.62,16.67,15.21,15.21,16.9,-1.69,-10.0,75303.07,118725.3445,11872.53445,118.7253445,1.187253445
002127.SZ,002127,南极电商,20160226,15.2,15.89,14.21,15.39,15.21,0.18,1.18,83570.72,128520.4372,12852.04372,128.5204372,1.285204372
002127.SZ,002127,南极电商,20160229,15.6,15.65,14.1,14.51,15.39,-0.88,-5.72,81499.94,119048.2451,11904.82451,119.0482451,1.190482451
002127.SZ,002127,南极电商,20160301,14.55,15.2,14.23,14.99,14.51,0.48,3.31,54440.55,79916.9583,7991.69583,79.91695829999999,0.7991695829999999
002127.SZ,002127,南极电商,20160302,14.9,15.6,14.83,15.59,14.99,0.6,4.0,59505.97,91010.7414,9101.07414,91.0107414,0.910107414
002127.SZ,002127,南极电商,20160303,15.5,15.85,15.28,15.47,15.59,-0.12,-0.77,64642.1,100428.2612,10042.82612,100.4282612,1.004282612
002127.SZ,002127,南极电商,20160304,15.45,16.1,15.01,15.6,15.47,0.13,0.84,65182.72,101832.2653,10183.22653,101.8322653,1.018322653
002127.SZ,002127,南极电商,20160307,16.29,16.31,15.35,15.71,15.6,0.11,0.71,58069.39,91907.2966,9190.72966,91.9072966,0.919072966
002127.SZ,002127,南极电商,20160308,15.69,16.2,14.48,15.93,15.71,0.22,1.4,74695.72,116043.3327,11604.33327,116.0433327,1.160433327
002127.SZ,002127,南极电商,20160309,15.4,15.61,15.01,15.15,15.93,-0.78,-4.9,32162.61,49377.0407,4937.70407,49.3770407,0.4937704069999999
002127.SZ,002127,南极电商,20160310,15.25,15.38,14.67,14.67,15.15,-0.48,-3.17,26590.88,39602.7566,3960.27566,39.6027566,0.396027566
002127.SZ,002127,南极电商,20160311,14.4,15.1,14.3,14.99,14.67,0.32,2.18,36126.77,53323.69,5332.369000000001,53.323690000000006,0.5332369
002127.SZ,002127,南极电商,20160314,15.05,16.4,14.99,16.15,14.99,1.16,7.74,77050.86,123482.6115,12348.26115,123.4826115,1.234826115
002127.SZ,002127,南极电商,20160315,16.0,16.5,15.98,16.09,16.15,-0.06,-0.37,36858.76,59841.1006,5984.11006,59.8411006,0.598411006
002127.SZ,002127,南极电商,20160316,16.1,16.44,15.3,15.88,16.09,-0.21,-1.31,43293.38,68725.3137,6872.53137,68.7253137,0.687253137
002127.SZ,002127,南极电商,20160317,15.88,16.68,15.5,16.28,15.88,0.4,2.52,53448.07,86947.4106,8694.74106,86.9474106,0.869474106
002127.SZ,002127,南极电商,20160318,16.28,16.86,16.2,16.69,16.28,0.41,2.52,49089.96,81558.9091,8155.89091,81.5589091,0.815589091
002127.SZ,002127,南极电商,20160321,17.01,18.36,17.01,17.83,16.69,1.14,6.83,72109.72,128700.0023,12870.00023,128.7000023,1.287000023
002127.SZ,002127,南极电商,20160322,17.76,18.01,17.24,17.33,17.83,-0.5,-2.8,58666.28,103385.4373,10338.54373,103.3854373,1.033854373
002127.SZ,002127,南极电商,20160323,17.5,17.6,17.2,17.55,17.33,0.22,1.27,34806.17,60471.4007,6047.14007,60.4714007,0.604714007
002127.SZ,002127,南极电商,20160324,17.5,17.5,16.78,16.84,17.55,-0.71,-4.05,47814.02,81797.9692,8179.796920000001,81.79796920000001,0.8179796920000001
002127.SZ,002127,南极电商,20160325,16.7,16.99,16.62,16.88,16.84,0.04,0.24,28216.33,47337.6154,4733.76154,47.3376154,0.473376154
002127.SZ,002127,南极电商,20160328,17.0,17.97,17.0,17.3,16.88,0.42,2.49,62091.9,109500.6258,10950.06258,109.5006258,1.095006258
002127.SZ,002127,南极电商,20160329,17.29,17.45,16.31,16.8,17.3,-0.5,-2.89,40157.84,68206.4975,6820.64975,68.2064975,0.682064975
002127.SZ,002127,南极电商,20160330,17.2,17.59,17.0,17.41,16.8,0.61,3.63,31170.16,54123.074,5412.3074,54.123074,0.5412307399999999
002127.SZ,002127,南极电商,20160331,17.27,17.98,17.27,17.5,17.41,0.09,0.52,35302.88,62350.7777,6235.07777,62.3507777,0.623507777
002127.SZ,002127,南极电商,20160401,17.5,17.66,16.91,17.35,17.5,-0.15,-0.86,25736.4,44465.1123,4446.51123,44.4651123,0.444651123
002127.SZ,002127,南极电商,20160405,17.52,17.95,17.36,17.78,17.35,0.43,2.48,41046.77,72538.2996,7253.82996,72.5382996,0.725382996
002127.SZ,002127,南极电商,20160406,17.83,19.23,17.6,18.99,17.78,1.21,6.81,101265.67,189995.5837,18999.55837,189.9955837,1.899955837
002127.SZ,002127,南极电商,20160407,18.7,19.0,18.04,18.23,18.99,-0.76,-4.0,64192.75,118440.0567,11844.00567,118.4400567,1.184400567
002127.SZ,002127,南极电商,20160408,18.0,18.24,17.7,17.94,18.23,-0.29,-1.59,31732.86,56996.9961,5699.69961,56.9969961,0.569969961
002127.SZ,002127,南极电商,20160411,18.05,18.99,18.05,18.46,17.94,0.52,2.9,52453.08,97592.0757,9759.20757,97.5920757,0.975920757
002127.SZ,002127,南极电商,20160412,18.28,19.05,18.28,18.75,18.46,0.29,1.57,45893.89,85888.463,8588.846300000001,85.88846300000002,0.8588846300000001
002127.SZ,002127,南极电商,20160413,18.75,20.3,18.75,19.72,18.75,0.97,5.17,115793.14,227970.5638,22797.05638,227.9705638,2.2797056380000003
002127.SZ,002127,南极电商,20160414,20.0,20.77,19.68,19.92,19.72,0.2,1.01,150892.09,303130.6613,30313.06613,303.1306613,3.031306613
002127.SZ,002127,南极电商,20160415,19.99,19.99,19.3,19.7,19.92,-0.22,-1.1,72636.45,142154.5635,14215.45635,142.1545635,1.421545635
002127.SZ,002127,南极电商,20160418,20.53,20.98,19.2,19.92,19.7,0.22,1.12,182020.03,367599.0559,36759.90559,367.5990559,3.6759905589999993
002127.SZ,002127,南极电商,20160419,20.0,20.0,18.85,19.7,19.92,-0.22,-1.1,110669.8,214319.0781,21431.90781,214.3190781,2.143190781
002127.SZ,002127,南极电商,20160420,19.7,19.7,18.05,19.02,19.7,-0.68,-3.45,91890.25,174064.2855,17406.42855,174.0642855,1.7406428550000002
002127.SZ,002127,南极电商,20160421,18.81,19.45,18.61,18.93,19.02,-0.09,-0.47,48442.91,92871.845,9287.1845,92.871845,0.92871845
002127.SZ,002127,南极电商,20160422,18.52,19.18,18.4,18.81,18.93,-0.12,-0.63,35706.5,67204.3597,6720.43597,67.2043597,0.6720435969999999
002127.SZ,002127,南极电商,20160425,18.88,20.44,18.75,19.7,18.81,0.89,4.73,102585.18,203612.7031,20361.27031,203.6127031,2.036127031
002127.SZ,002127,南极电商,20160426,19.7,20.77,19.6,20.4,19.7,0.7,3.55,108221.19,219709.7302,21970.97302,219.7097302,2.1970973019999995
002127.SZ,002127,南极电商,20160427,20.03,22.39,19.8,21.92,20.4,1.52,7.45,146552.51,307305.0136,30730.50136,307.3050136,3.073050136
002127.SZ,002127,南极电商,20160428,21.48,21.62,20.56,21.06,21.92,-0.86,-3.92,100552.63,212246.3065,21224.63065,212.2463065,2.122463065
002127.SZ,002127,南极电商,20160429,20.95,22.29,20.7,20.86,21.06,-0.2,-0.95,104072.02,223870.0634,22387.00634,223.8700634,2.238700634
002127.SZ,002127,南极电商,20160503,20.48,21.8,20.18,21.8,20.86,0.94,4.51,104816.55,221188.9668,22118.89668,221.1889668,2.2118896679999995
002127.SZ,002127,南极电商,20160504,21.55,21.84,21.04,21.15,21.8,-0.65,-2.98,83069.86,178094.0245,17809.40245,178.09402450000002,1.7809402450000005
002127.SZ,002127,南极电商,20160505,21.15,21.47,20.59,21.1,21.15,-0.05,-0.24,61739.17,129769.5352,12976.95352,129.76953519999998,1.297695352
002127.SZ,002127,南极电商,20160506,21.23,21.23,19.5,19.56,21.1,-1.54,-7.3,108161.13,219031.7043,21903.17043,219.03170430000003,2.1903170430000003
002127.SZ,002127,南极电商,20160509,19.16,20.17,19.0,19.8,19.56,0.24,1.23,77647.46,152499.3938,15249.93938,152.4993938,1.5249939380000002
002127.SZ,002127,南极电商,20160510,19.55,19.99,19.31,19.59,19.8,-0.21,-1.06,41179.75,80808.8514,8080.88514,80.80885140000001,0.808088514
002127.SZ,002127,南极电商,20160511,19.63,19.9,18.4,18.86,19.59,-0.73,-3.73,91247.31,173579.637,17357.9637,173.579637,1.73579637
002127.SZ,002127,南极电商,20160512,18.45,19.99,17.46,19.74,18.86,0.88,4.67,115921.08,216910.2607,21691.02607,216.9102607,2.169102607
002127.SZ,002127,南极电商,20160513,19.45,19.98,18.8,19.25,19.74,-0.49,-2.48,61371.48,118871.8741,11887.18741,118.8718741,1.188718741
002127.SZ,002127,南极电商,20160907,10.59,10.59,10.59,10.59,9.63,0.96,9.97,8931.96,9458.9456,945.89456,9.4589456,0.094589456
002127.SZ,002127,南极电商,20160908,11.65,11.65,10.91,11.65,10.59,1.06,10.01,646987.13,739353.0236,73935.30236,739.3530236,7.393530236
002127.SZ,002127,南极电商,20160909,11.9,12.82,11.8,12.01,11.65,0.36,3.09,856026.59,1051574.4849,105157.44849,1051.5744849,10.515744849
002127.SZ,002127,南极电商,20160912,11.31,11.78,11.21,11.43,12.01,-0.58,-4.83,465266.08,530765.6127,53076.561270000006,530.7656127,5.307656127
002127.SZ,002127,南极电商,20160913,11.48,11.48,10.88,11.32,11.43,-0.11,-0.96,478029.75,531993.7739,53199.37739,531.9937739000001,5.319937739
002127.SZ,002127,南极电商,20160914,11.12,11.25,10.92,11.0,11.32,-0.32,-2.83,252669.39,279832.5071,27983.25071,279.8325071,2.798325071
002127.SZ,002127,南极电商,20160919,10.98,11.35,10.9,11.15,11.0,0.15,1.36,247077.02,275282.8845,27528.28845,275.2828845,2.752828845
002127.SZ,002127,南极电商,20160920,11.07,11.29,11.01,11.11,11.15,-0.04,-0.36,172795.94,192404.2701,19240.42701,192.4042701,1.924042701
002127.SZ,002127,南极电商,20160921,11.11,12.22,11.05,12.22,11.11,1.11,9.99,475140.01,563859.6659,56385.96659,563.8596659,5.638596659
002127.SZ,002127,南极电商,20160922,12.5,12.77,12.11,12.5,12.22,0.28,2.29,631289.49,788170.9179,78817.09179,788.1709179000001,7.881709179
002127.SZ,002127,南极电商,20160923,12.42,13.2,12.06,13.0,12.5,0.5,4.0,671412.15,853925.5366,85392.55366,853.9255366000001,8.539255366
002127.SZ,002127,南极电商,20160926,12.6,13.39,12.46,13.0,13.0,0.0,0.0,583426.31,755827.564,75582.7564,755.8275639999999,7.55827564
002127.SZ,002127,南极电商,20160927,12.81,12.96,12.13,12.59,13.0,-0.41,-3.15,296974.44,371965.6269,37196.56269,371.9656269,3.719656269
002127.SZ,002127,南极电商,20160928,12.59,13.1,12.26,12.94,12.59,0.35,2.78,305480.27,388103.6895,38810.36895,388.1036895,3.881036895
002127.SZ,002127,南极电商,20160929,12.8,13.19,12.61,12.66,12.94,-0.28,-2.16,232722.73,299851.3759,29985.13759,299.8513759,2.998513759
002127.SZ,002127,南极电商,20160930,12.56,12.7,12.13,12.33,12.66,-0.33,-2.61,241090.42,297569.2443,29756.924430000003,297.56924430000004,2.975692443
002127.SZ,002127,南极电商,20161010,12.59,13.54,12.43,13.31,12.33,0.98,7.95,398896.44,521185.8069,52118.58069,521.1858069,5.211858069
002127.SZ,002127,南极电商,20161011,13.17,14.08,13.07,13.8,13.31,0.49,3.68,489847.21,665148.7935,66514.87935,665.1487935,6.6514879350000005
002127.SZ,002127,南极电商,20161012,13.61,13.7,13.32,13.57,13.8,-0.23,-1.67,291404.46,393013.5199,39301.35199,393.0135199,3.930135199
002127.SZ,002127,南极电商,20161013,13.5,13.79,13.36,13.48,13.57,-0.09,-0.66,203372.5,274788.7066,27478.87066,274.78870659999995,2.747887066
002127.SZ,002127,南极电商,20161014,13.41,13.58,13.1,13.34,13.48,-0.14,-1.04,178407.52,236795.9783,23679.59783,236.7959783,2.367959783
002127.SZ,002127,南极电商,20161017,13.34,13.54,12.99,13.0,13.34,-0.34,-2.55,256257.78,341031.0256,34103.10256,341.0310256,3.4103102560000003
002127.SZ,002127,南极电商,20161018,12.87,13.09,12.65,13.05,13.0,0.05,0.38,173216.52,222986.3004,22298.63004,222.9863004,2.2298630040000003
002127.SZ,002127,南极电商,20161019,13.01,13.18,12.8,12.86,13.05,-0.19,-1.46,190153.8,246070.0176,24607.00176,246.0700176,2.460700176
002127.SZ,002127,南极电商,20161020,12.74,13.04,12.7,12.87,12.86,0.01,0.08,178397.47,229438.8941,22943.88941,229.4388941,2.294388941
002127.SZ,002127,南极电商,20161021,12.8,12.89,12.25,12.61,12.87,-0.26,-2.02,202248.34,253413.3706,25341.33706,253.4133706,2.534133706
002127.SZ,002127,南极电商,20161024,12.52,12.98,12.51,12.77,12.61,0.16,1.27,179095.81,229217.5071,22921.75071,229.2175071,2.292175071
002127.SZ,002127,南极电商,20161025,12.78,13.05,12.54,12.99,12.77,0.22,1.72,182092.66,233740.5093,23374.05093,233.7405093,2.337405093
002127.SZ,002127,南极电商,20161026,12.93,13.11,12.81,12.87,12.99,-0.12,-0.92,129550.4,167544.5278,16754.45278,167.5445278,1.675445278
002127.SZ,002127,南极电商,20161027,12.83,12.96,12.6,12.9,12.87,0.03,0.23,133074.21,169619.3977,16961.93977,169.6193977,1.696193977
002127.SZ,002127,南极电商,20161028,12.86,12.88,12.5,12.74,12.9,-0.16,-1.24,139597.87,177685.4616,17768.54616,177.68546160000002,1.7768546160000005
002127.SZ,002127,南极电商,20161031,12.51,12.58,11.51,11.62,12.74,-1.12,-8.79,368250.78,436513.679,43651.3679,436.513679,4.365136789999999
002127.SZ,002127,南极电商,20161101,11.62,11.78,11.44,11.7,11.62,0.08,0.69,142808.91,166026.464,16602.6464,166.026464,1.66026464
002127.SZ,002127,南极电商,20161102,11.74,11.8,11.38,11.44,11.7,-0.26,-2.22,156532.03,180021.767,18002.1767,180.021767,1.80021767
002127.SZ,002127,南极电商,20161103,11.5,11.77,11.4,11.63,11.44,0.19,1.66,150997.48,175281.282,17528.1282,175.281282,1.75281282
002127.SZ,002127,南极电商,20161104,11.63,11.73,11.26,11.3,11.63,-0.33,-2.84,172104.05,197204.137,19720.4137,197.204137,1.97204137
002127.SZ,002127,南极电商,20161107,11.3,11.43,11.06,11.2,11.3,-0.1,-0.89,120024.46,134243.11,13424.310999999998,134.24310999999997,1.3424310999999998
002127.SZ,002127,南极电商,20161108,11.25,12.32,11.25,12.32,11.2,1.12,10.0,389241.9,465462.5,46546.25,465.4625,4.654624999999999
002127.SZ,002127,南极电商,20161109,12.29,12.35,11.65,12.11,12.32,-0.21,-1.7,310478.26,372448.008,37244.8008,372.448008,3.72448008
002127.SZ,002127,南极电商,20161110,12.25,12.36,12.02,12.22,12.11,0.11,0.91,241326.99,293829.626,29382.9626,293.829626,2.9382962599999995
002127.SZ,002127,南极电商,20161111,12.14,12.15,11.8,11.85,12.22,-0.37,-3.03,194602.44,231533.391,23153.3391,231.533391,2.31533391
002127.SZ,002127,南极电商,20161114,11.9,12.43,11.8,11.95,11.85,0.1,0.84,190214.13,230405.01,23040.501,230.40501,2.3040501
002127.SZ,002127,南极电商,20161115,11.86,11.95,11.66,11.88,11.95,-0.07,-0.59,104233.71,122964.659,12296.4659,122.964659,1.22964659
002127.SZ,002127,南极电商,20161116,11.95,12.35,11.86,12.15,11.88,0.27,2.27,199231.03,241313.279,24131.3279,241.313279,2.41313279
002127.SZ,002127,南极电商,20161117,12.23,12.43,12.02,12.05,12.15,-0.1,-0.82,108646.65,132137.218,13213.7218,132.137218,1.32137218
002127.SZ,002127,南极电商,20161118,12.03,12.05,11.78,11.8,12.05,-0.25,-2.07,94010.04,111420.698,11142.0698,111.42069800000002,1.11420698
002127.SZ,002127,南极电商,20161121,11.84,11.92,11.61,11.71,11.8,-0.09,-0.76,69679.0,81858.213,8185.8213,81.858213,0.81858213
002127.SZ,002127,南极电商,20161122,11.63,11.77,11.58,11.72,11.71,0.01,0.09,82852.9,96445.75,9644.575,96.44575,0.9644575
002127.SZ,002127,南极电商,20161123,11.7,11.72,11.38,11.69,11.72,-0.03,-0.26,113808.38,131782.497,13178.2497,131.782497,1.31782497
002127.SZ,002127,南极电商,20161124,11.7,11.7,11.41,11.47,11.69,-0.22,-1.88,74733.2,86127.222,8612.7222,86.127222,0.86127222
002127.SZ,002127,南极电商,20161125,11.44,11.63,11.24,11.63,11.47,0.16,1.39,83990.76,96494.51,9649.451,96.49451,0.9649451
002127.SZ,002127,南极电商,20161128,11.63,11.69,11.51,11.61,11.63,-0.02,-0.17,65620.33,76129.397,7612.9397,76.129397,0.76129397
002127.SZ,002127,南极电商,20161129,11.52,12.37,11.42,11.95,11.61,0.34,2.93,200553.06,239186.466,23918.6466,239.186466,2.39186466
002127.SZ,002127,南极电商,20161130,11.9,12.2,11.73,11.8,11.95,-0.15,-1.26,87020.68,104021.414,10402.1414,104.021414,1.04021414
002127.SZ,002127,南极电商,20161201,11.9,12.36,11.81,12.27,11.8,0.47,3.98,178195.62,216847.038,21684.7038,216.847038,2.16847038
002127.SZ,002127,南极电商,20161202,12.24,12.36,11.92,12.28,12.27,0.01,0.08,147501.95,179471.356,17947.1356,179.471356,1.7947135600000002
002127.SZ,002127,南极电商,20161205,12.17,12.65,12.11,12.46,12.28,0.18,1.47,178024.23,222061.782,22206.1782,222.061782,2.22061782
002127.SZ,002127,南极电商,20161206,12.36,12.84,12.36,12.61,12.46,0.15,1.2,155679.51,197170.831,19717.0831,197.170831,1.97170831
002127.SZ,002127,南极电商,20161207,12.56,13.15,12.39,13.15,12.61,0.54,4.28,240946.01,309155.251,30915.5251,309.155251,3.09155251
002127.SZ,002127,南极电商,20161208,13.12,13.22,12.69,12.86,13.15,-0.29,-2.21,181248.71,234193.113,23419.3113,234.193113,2.3419311300000003
002127.SZ,002127,南极电商,20161209,12.75,12.98,12.51,12.7,12.86,-0.16,-1.24,127784.7,162482.307,16248.2307,162.482307,1.62482307
002127.SZ,002127,南极电商,20161212,12.69,12.75,11.5,11.62,12.7,-1.08,-8.5,125594.81,151956.039,15195.603899999998,151.95603899999998,1.5195603899999997
002127.SZ,002127,南极电商,20161213,11.62,11.95,11.18,11.85,11.62,0.23,1.98,88655.53,103426.943,10342.6943,103.426943,1.03426943
002127.SZ,002127,南极电商,20161214,11.84,11.93,11.49,11.54,11.85,-0.31,-2.62,76728.95,89007.29,8900.729,89.00729,0.8900729
002127.SZ,002127,南极电商,20161215,11.45,11.64,11.23,11.42,11.54,-0.12,-1.04,80072.17,91572.837,9157.2837,91.572837,0.91572837
002127.SZ,002127,南极电商,20161216,11.4,11.67,11.4,11.44,11.42,0.02,0.18,85977.16,99112.462,9911.2462,99.112462,0.99112462
002127.SZ,002127,南极电商,20161219,11.57,11.57,11.16,11.22,11.44,-0.22,-1.92,77307.68,87467.618,8746.7618,87.467618,0.87467618
002127.SZ,002127,南极电商,20161220,11.18,11.38,11.18,11.32,11.22,0.1,0.89,52991.83,59761.404,5976.1404,59.761404,0.59761404
002127.SZ,002127,南极电商,20161221,11.36,11.74,11.36,11.48,11.32,0.16,1.41,105487.46,122082.283,12208.2283,122.082283,1.22082283
002127.SZ,002127,南极电商,20161222,11.45,11.57,11.3,11.47,11.48,-0.01,-0.09,46820.74,53360.097,5336.0097000000005,53.360097,0.5336009700000001
002127.SZ,002127,南极电商,20161223,11.47,11.53,11.28,11.38,11.47,-0.09,-0.78,35870.59,40877.894,4087.7894,40.877894,0.40877894
002127.SZ,002127,南极电商,20161226,11.35,11.61,11.23,11.59,11.38,0.21,1.85,75984.95,86747.197,8674.7197,86.747197,0.86747197
002127.SZ,002127,南极电商,20161227,11.59,11.79,11.39,11.4,11.59,-0.19,-1.64,69198.14,79821.083,7982.1083,79.821083,0.79821083
002127.SZ,002127,南极电商,20161228,11.49,11.49,11.3,11.37,11.4,-0.03,-0.26,44139.56,50246.473,5024.6473,50.246473,0.5024647299999999
002127.SZ,002127,南极电商,20161229,11.27,11.41,11.13,11.32,11.37,-0.05,-0.44,93985.82,105895.619,10589.5619,105.895619,1.0589561900000002
002127.SZ,002127,南极电商,20161230,11.32,11.52,11.2,11.48,11.32,0.16,1.41,61484.13,69823.449,6982.344899999999,69.823449,0.6982344899999999
002127.SZ,002127,南极电商,20170103,11.49,11.63,11.3,11.6,11.48,0.12,1.05,110151.54,126889.271,12688.9271,126.889271,1.26889271
002127.SZ,002127,南极电商,20170104,11.58,12.1,11.57,11.88,11.6,0.28,2.41,112435.33,133415.279,13341.5279,133.415279,1.33415279
002127.SZ,002127,南极电商,20170105,11.79,12.2,11.79,11.89,11.88,0.01,0.08,67759.59,81300.862,8130.0862,81.300862,0.81300862
002127.SZ,002127,南极电商,20170106,11.89,12.1,11.78,12.07,11.89,0.18,1.51,75038.76,89804.941,8980.4941,89.804941,0.89804941
002127.SZ,002127,南极电商,20170109,12.07,12.09,11.29,11.4,12.07,-0.67,-5.55,129157.38,150387.699,15038.7699,150.387699,1.50387699
002127.SZ,002127,南极电商,20170110,11.38,11.57,11.11,11.19,11.4,-0.21,-1.84,149944.36,169493.086,16949.3086,169.493086,1.6949308600000002
002127.SZ,002127,南极电商,20170111,11.26,11.36,11.13,11.32,11.19,0.13,1.16,67331.28,75764.962,7576.4962,75.764962,0.75764962
002127.SZ,002127,南极电商,20170112,11.28,11.28,10.88,10.88,11.32,-0.44,-3.89,77512.9,86115.347,8611.5347,86.115347,0.86115347
002127.SZ,002127,南极电商,20170113,10.94,10.96,10.1,10.5,10.88,-0.38,-3.49,135256.52,141914.702,14191.4702,141.914702,1.41914702
002127.SZ,002127,南极电商,20170116,10.4,10.53,9.66,10.25,10.5,-0.25,-2.38,86887.72,88891.811,8889.1811,88.891811,0.8889181100000001
002127.SZ,002127,南极电商,20170117,10.26,10.42,10.1,10.38,10.25,0.13,1.27,56013.85,57598.445,5759.8445,57.598445,0.57598445
002127.SZ,002127,南极电商,20170118,10.4,10.47,10.0,10.09,10.38,-0.29,-2.79,60435.5,61959.872,6195.9872000000005,61.959872,0.61959872
002127.SZ,002127,南极电商,20170119,10.05,10.26,9.79,10.02,10.09,-0.07,-0.69,59860.61,60250.822,6025.0822,60.250822,0.60250822
002127.SZ,002127,南极电商,20170120,10.02,10.48,10.01,10.34,10.02,0.32,3.19,62515.94,64573.524,6457.3524,64.57352399999999,0.6457352399999999
002127.SZ,002127,南极电商,20170123,10.33,10.55,10.3,10.54,10.34,0.2,1.93,52596.71,54878.738,5487.873799999999,54.87873799999999,0.5487873799999999
002127.SZ,002127,南极电商,20170124,10.55,10.95,10.53,10.79,10.54,0.25,2.37,75540.07,81757.445,8175.744500000001,81.757445,0.8175744500000001
002127.SZ,002127,南极电商,20170125,10.59,10.84,10.48,10.56,10.79,-0.23,-2.13,41967.67,44636.705,4463.6705,44.636705,0.44636705
002127.SZ,002127,南极电商,20170126,10.58,10.6,10.32,10.42,10.56,-0.14,-1.33,36756.22,38419.684,3841.9684,38.419684,0.38419684
002127.SZ,002127,南极电商,20170203,10.42,10.55,10.33,10.46,10.42,0.04,0.38,18232.24,18999.246,1899.9246,18.999246,0.18999246
002127.SZ,002127,南极电商,20170206,10.46,10.53,10.26,10.5,10.46,0.04,0.38,41194.35,42785.989,4278.5989,42.785989,0.42785989
002127.SZ,002127,南极电商,20170207,10.43,10.48,10.28,10.38,10.5,-0.12,-1.14,28953.02,29957.25,2995.725,29.95725,0.2995724999999999
002127.SZ,002127,南极电商,20170208,10.35,10.44,10.31,10.42,10.38,0.04,0.39,31889.0,33107.391,3310.7391,33.107391,0.3310739099999999
002127.SZ,002127,南极电商,20170209,10.44,10.45,10.3,10.36,10.42,-0.06,-0.58,38332.0,39756.045,3975.6045,39.756045,0.39756045
002127.SZ,002127,南极电商,20170210,10.41,10.86,10.34,10.73,10.36,0.37,3.57,109986.48,116744.079,11674.4079,116.744079,1.16744079
002127.SZ,002127,南极电商,20170213,10.77,10.82,10.57,10.8,10.73,0.07,0.65,53455.11,57158.812,5715.8812,57.158812,0.5715881199999999
002127.SZ,002127,南极电商,20170214,10.81,11.13,10.73,10.94,10.8,0.14,1.3,62377.75,68310.987,6831.0987,68.310987,0.68310987
002127.SZ,002127,南极电商,20170215,10.96,11.13,10.7,10.76,10.94,-0.18,-1.65,51661.73,56362.156,5636.2156,56.362156000000006,0.5636215600000001
002127.SZ,002127,南极电商,20170216,10.65,10.78,10.54,10.7,10.76,-0.06,-0.56,59290.82,63218.178,6321.8178,63.218178,0.6321817799999999
002127.SZ,002127,南极电商,20170217,10.69,10.94,10.56,10.9,10.7,0.2,1.87,56878.6,61402.807,6140.2807,61.402807,0.61402807
002127.SZ,002127,南极电商,20170220,10.9,10.95,10.61,10.7,10.9,-0.2,-1.83,91098.02,97485.487,9748.5487,97.485487,0.97485487
002127.SZ,002127,南极电商,20170221,10.69,11.02,10.5,11.02,10.7,0.32,2.99,112234.3,120854.429,12085.4429,120.854429,1.20854429
002127.SZ,002127,南极电商,20170222,11.03,11.03,10.8,10.84,11.02,-0.18,-1.63,64347.27,70212.622,7021.2622,70.212622,0.7021262199999999
002127.SZ,002127,南极电商,20170223,10.83,10.95,10.71,10.93,10.84,0.09,0.83,35769.86,38785.289,3878.5289,38.785289,0.38785289
002127.SZ,002127,南极电商,20170224,10.86,11.25,10.77,11.22,10.93,0.29,2.65,94026.88,104625.493,10462.5493,104.625493,1.04625493
002127.SZ,002127,南极电商,20170227,11.22,11.42,10.99,11.3,11.22,0.08,0.71,70453.67,79353.34,7935.334,79.35334,0.7935334
002127.SZ,002127,南极电商,20170228,11.35,11.45,11.1,11.27,11.3,-0.03,-0.27,60261.8,68034.843,6803.484299999999,68.034843,0.68034843
002127.SZ,002127,南极电商,20170301,11.27,11.4,11.17,11.24,11.27,-0.03,-0.27,42957.82,48450.616,4845.0616,48.450616,0.4845061599999999
002127.SZ,002127,南极电商,20170302,11.25,11.25,10.85,10.85,11.24,-0.39,-3.47,82566.01,90822.554,9082.2554,90.822554,0.90822554
002127.SZ,002127,南极电商,20170303,10.85,11.12,10.79,10.98,10.85,0.13,1.2,51059.1,56164.725,5616.4725,56.164725,0.5616472499999999
002127.SZ,002127,南极电商,20170306,10.98,11.22,10.91,11.18,10.98,0.2,1.82,68651.7,76129.476,7612.947599999999,76.129476,0.76129476
002127.SZ,002127,南极电商,20170307,11.18,11.29,10.96,11.05,11.18,-0.13,-1.16,83653.6,93189.405,9318.9405,93.189405,0.93189405
002127.SZ,002127,南极电商,20170308,11.06,11.25,10.95,11.08,11.05,0.03,0.27,65418.48,72807.933,7280.7933,72.807933,0.72807933
002127.SZ,002127,南极电商,20170309,11.13,11.2,11.02,11.11,11.08,0.03,0.27,39919.32,44384.553,4438.4553,44.384553,0.44384553
002127.SZ,002127,南极电商,20170310,11.11,11.18,11.02,11.05,11.11,-0.06,-0.54,40676.26,45024.525,4502.4525,45.024525,0.45024525
002127.SZ,002127,南极电商,20170313,11.04,11.09,10.81,11.06,11.05,0.01,0.09,54951.23,60401.157,6040.1157,60.401157000000005,0.60401157
002127.SZ,002127,南极电商,20170314,11.0,11.47,11.0,11.42,11.06,0.36,3.26,96991.01,110089.054,11008.9054,110.089054,1.10089054
002127.SZ,002127,南极电商,20170315,11.46,11.48,11.26,11.41,11.42,-0.01,-0.09,49572.32,56338.707,5633.8707,56.33870700000001,0.5633870700000001
002127.SZ,002127,南极电商,20170316,11.4,11.53,11.34,11.41,11.41,0.0,0.0,55312.24,63235.081,6323.5081,63.235081,0.63235081
002127.SZ,002127,南极电商,20170317,11.47,11.96,11.37,11.53,11.41,0.12,1.05,108860.24,126550.72,12655.072,126.55072,1.2655072
002127.SZ,002127,南极电商,20170320,11.53,12.38,11.5,12.19,11.53,0.66,5.72,133227.56,161404.602,16140.4602,161.404602,1.6140460200000002
002127.SZ,002127,南极电商,20170321,12.23,12.33,11.91,12.1,12.19,-0.09,-0.74,72818.32,87900.166,8790.016599999999,87.90016599999998,0.8790016599999998
002127.SZ,002127,南极电商,20170322,12.01,12.7,11.98,12.53,12.1,0.43,3.55,169829.45,210320.732,21032.0732,210.320732,2.10320732
002127.SZ,002127,南极电商,20170323,12.49,12.7,12.25,12.57,12.53,0.04,0.32,133218.2,166232.062,16623.2062,166.232062,1.66232062
002127.SZ,002127,南极电商,20170324,12.47,12.67,12.36,12.42,12.57,-0.15,-1.19,76762.84,95485.092,9548.5092,95.485092,0.95485092
002127.SZ,002127,南极电商,20170327,12.4,12.4,12.02,12.18,12.42,-0.24,-1.93,66332.57,80874.888,8087.488800000001,80.87488800000001,0.8087488800000001
002127.SZ,002127,南极电商,20170328,12.25,12.48,12.02,12.09,12.18,-0.09,-0.74,102439.89,125516.35,12551.635,125.51635,1.2551635
002127.SZ,002127,南极电商,20170329,12.2,12.3,11.85,11.89,12.09,-0.2,-1.65,79161.06,95736.569,9573.6569,95.736569,0.95736569
002127.SZ,002127,南极电商,20170330,11.96,12.0,11.5,11.74,11.89,-0.15,-1.26,82784.38,96556.288,9655.6288,96.556288,0.96556288
002127.SZ,002127,南极电商,20170331,11.72,11.91,11.51,11.8,11.74,0.06,0.51,68036.0,79950.665,7995.066499999999,79.95066499999999,0.7995066499999999
002127.SZ,002127,南极电商,20170405,11.79,12.1,11.71,11.91,11.8,0.11,0.93,70681.16,84385.553,8438.5553,84.385553,0.84385553
002127.SZ,002127,南极电商,20170406,11.99,12.03,11.78,11.83,11.91,-0.08,-0.67,44382.3,52498.724,5249.8724,52.498724,0.5249872400000001
002127.SZ,002127,南极电商,20170407,11.9,11.9,11.58,11.7,11.83,-0.13,-1.1,61934.53,72325.608,7232.560799999999,72.32560799999999,0.7232560799999999
002127.SZ,002127,南极电商,20170410,11.62,11.77,11.57,11.65,11.7,-0.05,-0.43,40514.32,47286.325,4728.6325,47.286325,0.4728632499999999
002127.SZ,002127,南极电商,20170411,11.58,11.64,11.14,11.38,11.65,-0.27,-2.32,82102.72,93369.986,9336.9986,93.369986,0.9336998600000002
002127.SZ,002127,南极电商,20170412,11.4,11.48,11.27,11.3,11.38,-0.08,-0.7,27745.02,31452.984,3145.2984,31.452984,0.31452984
002127.SZ,002127,南极电商,20170413,11.35,11.78,11.35,11.6,11.3,0.3,2.65,53129.86,61770.659,6177.0659,61.770659,0.6177065899999999
002127.SZ,002127,南极电商,20170414,11.6,11.86,11.48,11.52,11.6,-0.08,-0.69,47901.42,55664.794,5566.4794,55.664794,0.55664794
002127.SZ,002127,南极电商,20170417,11.49,11.63,11.2,11.43,11.52,-0.09,-0.78,56706.36,64550.725,6455.0725,64.550725,0.64550725
002127.SZ,002127,南极电商,20170418,11.49,11.8,11.44,11.58,11.43,0.15,1.31,78140.45,90637.672,9063.7672,90.637672,0.90637672
002127.SZ,002127,南极电商,20170419,11.43,11.59,11.28,11.52,11.58,-0.06,-0.52,41255.26,47165.599,4716.5599,47.165599,0.47165599
002127.SZ,002127,南极电商,20170420,11.58,11.81,11.45,11.7,11.52,0.18,1.56,65756.8,76668.58,7666.858,76.66858,0.7666858000000001
002127.SZ,002127,南极电商,20170421,11.66,11.79,11.62,11.72,11.7,0.02,0.17,37981.0,44512.267,4451.2267,44.512267,0.44512267
002127.SZ,002127,南极电商,20170424,11.74,11.76,11.33,11.6,11.72,-0.12,-1.02,33688.64,39067.784,3906.7784,39.067784,0.39067784
002127.SZ,002127,南极电商,20170425,11.58,11.69,10.7,11.31,11.6,-0.29,-2.5,73787.59,83100.266,8310.026600000001,83.100266,0.83100266
002127.SZ,002127,南极电商,20170426,11.1,11.38,10.91,11.17,11.31,-0.14,-1.24,72801.13,81189.057,8118.9057,81.189057,0.8118905700000001
002127.SZ,002127,南极电商,20170427,11.3,11.33,10.82,11.23,11.17,0.06,0.54,46389.67,51214.782,5121.4782,51.21478199999999,0.5121478199999999
002127.SZ,002127,南极电商,20170428,11.22,11.44,11.13,11.38,11.23,0.15,1.34,30790.4,34840.761,3484.0761,34.840761,0.34840761
002127.SZ,002127,南极电商,20170502,11.26,12.3,11.26,11.93,11.38,0.55,4.83,94095.6,111740.717,11174.0717,111.740717,1.11740717
002127.SZ,002127,南极电商,20170503,11.98,12.39,11.84,12.29,11.93,0.36,3.02,114685.17,140332.817,14033.2817,140.332817,1.40332817
002127.SZ,002127,南极电商,20170504,12.38,12.38,11.9,11.98,12.29,-0.31,-2.52,83304.08,100750.878,10075.0878,100.750878,1.00750878
002127.SZ,002127,南极电商,20170505,12.05,12.2,11.95,12.0,11.98,0.02,0.17,77650.45,93796.374,9379.6374,93.796374,0.93796374
002127.SZ,002127,南极电商,20170508,11.98,12.09,11.73,11.95,12.0,-0.05,-0.42,62551.08,74845.496,7484.5496,74.845496,0.74845496
002127.SZ,002127,南极电商,20170509,11.9,12.0,11.75,11.75,11.95,-0.2,-1.67,47503.8,56317.245,5631.7245,56.317245,0.56317245
002127.SZ,002127,南极电商,20170510,11.78,12.46,11.74,12.2,11.75,0.45,3.83,118018.32,144371.201,14437.1201,144.371201,1.44371201
002127.SZ,002127,南极电商,20170511,12.18,12.32,11.76,12.13,12.2,-0.07,-0.57,84753.09,101988.648,10198.8648,101.988648,1.01988648
002127.SZ,002127,南极电商,20170512,12.01,12.22,11.82,11.88,12.13,-0.25,-2.06,37911.63,45476.349,4547.6349,45.476349,0.45476349
002127.SZ,002127,南极电商,20170515,11.88,12.31,11.81,12.31,11.88,0.43,3.62,80666.99,98158.83,9815.883,98.15883,0.9815883
002127.SZ,002127,南极电商,20170516,12.26,12.41,12.01,12.4,12.31,0.09,0.73,75778.95,92661.099,9266.1099,92.661099,0.92661099
002127.SZ,002127,南极电商,20170517,12.43,12.53,12.25,12.28,12.4,-0.12,-0.97,68090.09,84456.529,8445.6529,84.45652899999999,0.8445652899999999
002127.SZ,002127,南极电商,20170518,12.2,12.35,12.15,12.23,12.28,-0.05,-0.41,39302.36,48067.006,4806.7006,48.067006,0.48067006
002127.SZ,002127,南极电商,20170519,12.23,12.3,11.91,12.23,12.23,0.0,0.0,40557.66,48929.09,4892.909,48.92909,0.4892909
002127.SZ,002127,南极电商,20170522,12.23,12.29,11.85,11.9,12.23,-0.33,-2.7,38224.59,46278.954,4627.895399999999,46.27895399999999,0.4627895399999999
002127.SZ,002127,南极电商,20170523,11.89,11.95,11.22,11.4,11.9,-0.5,-4.2,73481.28,84736.673,8473.6673,84.736673,0.84736673
002127.SZ,002127,南极电商,20170524,11.39,11.47,11.02,11.42,11.4,0.02,0.18,70790.86,80416.971,8041.6971,80.416971,0.80416971
002127.SZ,002127,南极电商,20170525,11.4,11.67,11.32,11.44,11.42,0.02,0.18,46851.0,53859.783,5385.978300000001,53.85978300000001,0.53859783
002127.SZ,002127,南极电商,20170526,11.32,11.83,11.32,11.61,11.44,0.17,1.49,27103.27,31578.11,3157.811,31.57811,0.3157811
002127.SZ,002127,南极电商,20170531,11.63,11.8,11.41,11.44,11.61,-0.17,-1.46,21834.38,25244.584,2524.4584,25.244584,0.25244584
002127.SZ,002127,南极电商,20170601,11.4,11.71,11.4,11.44,11.44,0.0,0.0,35079.0,40592.427,4059.2427,40.592427,0.40592427
002127.SZ,002127,南极电商,20170602,11.45,11.7,11.12,11.6,11.44,0.16,1.4,49702.91,56651.706,5665.1706,56.651706,0.56651706
002127.SZ,002127,南极电商,20170605,11.67,11.86,11.46,11.66,11.6,0.06,0.52,33045.59,38799.21,3879.921,38.79921,0.3879920999999999
002127.SZ,002127,南极电商,20170606,11.72,12.06,11.68,12.06,11.66,0.4,3.43,62417.78,74595.526,7459.5526,74.595526,0.7459552600000001
002127.SZ,002127,南极电商,20170607,12.0,12.23,11.91,12.08,12.06,0.02,0.17,67226.9,80850.58,8085.058,80.85058,0.8085057999999999
002127.SZ,002127,南极电商,20170608,11.99,12.19,11.95,12.08,12.08,0.0,0.0,44399.0,53780.404,5378.0404,53.780404,0.5378040399999999
002127.SZ,002127,南极电商,20170609,12.13,12.6,12.13,12.33,12.08,0.25,2.07,95003.21,117713.666,11771.3666,117.713666,1.17713666
002127.SZ,002127,南极电商,20170612,12.33,12.6,12.2,12.31,12.33,-0.02,-0.16,51093.23,63599.27,6359.927,63.59927,0.6359927
002127.SZ,002127,南极电商,20170613,12.29,12.52,12.05,12.31,12.31,0.0,0.0,34158.69,41845.111,4184.5111,41.845111,0.4184511099999999
002127.SZ,002127,南极电商,20170614,12.2,12.55,12.06,12.48,12.31,0.17,1.38,43689.13,54022.118,5402.2118,54.022118,0.54022118
002127.SZ,002127,南极电商,20170615,12.5,13.05,12.39,12.84,12.48,0.36,2.88,188203.69,242549.688,24254.9688,242.549688,2.42549688
002127.SZ,002127,南极电商,20170616,12.8,13.06,12.76,12.88,12.84,0.04,0.31,73178.87,94811.661,9481.1661,94.811661,0.94811661
002127.SZ,002127,南极电商,20170619,12.83,13.22,12.71,13.04,12.88,0.16,1.24,67605.68,87889.065,8788.906500000001,87.88906500000002,0.8788906500000002
002127.SZ,002127,南极电商,20170620,12.98,12.98,12.51,12.61,13.04,-0.43,-3.3,73653.83,93588.923,9358.8923,93.588923,0.93588923
002127.SZ,002127,南极电商,20170621,12.67,12.79,12.3,12.62,12.61,0.01,0.08,64115.69,80062.017,8006.2017,80.06201700000001,0.8006201700000001
002127.SZ,002127,南极电商,20170622,12.6,12.6,12.38,12.42,12.62,-0.2,-1.58,65702.98,81993.159,8199.3159,81.99315899999999,0.8199315899999999
002127.SZ,002127,南极电商,20170623,12.47,12.85,12.26,12.8,12.42,0.38,3.06,49093.51,61533.765,6153.3765,61.533765,0.6153376500000001
002127.SZ,002127,南极电商,20170626,12.82,12.95,12.57,12.72,12.8,-0.08,-0.63,56143.21,71389.424,7138.9424,71.389424,0.71389424
002127.SZ,002127,南极电商,20170627,12.7,12.72,12.37,12.56,12.72,-0.16,-1.26,58811.04,73280.888,7328.0888,73.280888,0.73280888
002127.SZ,002127,南极电商,20170628,12.5,12.52,12.05,12.08,12.56,-0.48,-3.82,69750.57,85027.949,8502.794899999999,85.02794899999999,0.8502794899999999
002127.SZ,002127,南极电商,20170706,12.61,13.29,12.61,13.25,12.08,1.17,9.69,353625.51,464127.964,46412.7964,464.127964,4.6412796400000005
002127.SZ,002127,南极电商,20170707,13.06,13.15,12.82,13.0,13.25,-0.25,-1.89,169378.04,219928.037,21992.8037,219.928037,2.1992803700000003
002127.SZ,002127,南极电商,20170710,13.06,13.06,12.78,12.8,13.0,-0.2,-1.54,68116.24,87995.464,8799.546400000001,87.99546400000001,0.8799546400000001
002127.SZ,002127,南极电商,20170711,12.7,13.07,12.31,12.33,12.8,-0.47,-3.67,116275.11,148183.093,14818.3093,148.183093,1.48183093
002127.SZ,002127,南极电商,20170712,12.2,12.57,12.2,12.33,12.33,0.0,0.0,81001.09,100462.964,10046.2964,100.462964,1.00462964
002127.SZ,002127,南极电商,20170713,12.33,12.86,12.33,12.5,12.33,0.17,1.38,69683.76,87669.031,8766.9031,87.66903099999999,0.8766903099999999
002127.SZ,002127,南极电商,20170714,12.35,12.81,12.35,12.72,12.5,0.22,1.76,49428.0,62814.392,6281.4392,62.814392,0.62814392
002127.SZ,002127,南极电商,20170717,12.72,12.94,12.23,12.54,12.72,-0.18,-1.42,81913.13,103760.692,10376.0692,103.760692,1.03760692
002127.SZ,002127,南极电商,20170718,12.25,12.94,12.2,12.57,12.54,0.03,0.24,80320.21,101469.26,10146.926,101.46926,1.0146925999999998
002127.SZ,002127,南极电商,20170719,12.49,12.91,12.4,12.8,12.57,0.23,1.83,49463.15,62737.502,6273.7502,62.737502000000006,0.6273750200000001
002127.SZ,002127,南极电商,20170720,12.8,13.05,12.75,12.91,12.8,0.11,0.86,63123.91,81359.829,8135.9829,81.359829,0.8135982900000001
002127.SZ,002127,南极电商,20170721,12.94,12.96,12.72,12.89,12.91,-0.02,-0.15,32532.88,41642.409,4164.2409,41.642409,0.41642409
002127.SZ,002127,南极电商,20170724,12.82,13.21,12.77,12.99,12.89,0.1,0.78,91957.51,119853.673,11985.3673,119.853673,1.19853673
002127.SZ,002127,南极电商,20170725,12.99,13.07,12.66,12.76,12.99,-0.23,-1.77,62677.47,80362.756,8036.275599999999,80.36275599999999,0.8036275599999999
002127.SZ,002127,南极电商,20170726,12.77,12.82,12.43,12.61,12.76,-0.15,-1.18,32358.2,40686.356,4068.6356,40.686356,0.40686356
002127.SZ,002127,南极电商,20170727,12.6,13.32,12.46,13.25,12.61,0.64,5.08,104078.43,135560.538,13556.0538,135.560538,1.35560538
002127.SZ,002127,南极电商,20170728,13.25,13.9,13.12,13.68,13.25,0.43,3.25,144508.48,197084.875,19708.4875,197.084875,1.97084875
002127.SZ,002127,南极电商,20170731,13.61,13.9,13.36,13.72,13.68,0.04,0.29,113247.81,154351.857,15435.185699999998,154.351857,1.54351857
002127.SZ,002127,南极电商,20170801,13.78,14.09,13.54,13.81,13.72,0.09,0.66,123745.24,171438.402,17143.8402,171.438402,1.71438402
002127.SZ,002127,南极电商,20170802,13.73,13.82,13.23,13.35,13.81,-0.46,-3.33,75358.55,101191.361,10119.1361,101.191361,1.01191361
002127.SZ,002127,南极电商,20170803,13.35,13.5,13.0,13.26,13.35,-0.09,-0.67,65622.95,87262.271,8726.2271,87.262271,0.87262271
002127.SZ,002127,南极电商,20170804,13.19,13.46,13.04,13.19,13.26,-0.07,-0.53,42782.28,56770.423,5677.0423,56.770423,0.56770423
002127.SZ,002127,南极电商,20170807,13.0,13.55,12.98,13.3,13.19,0.11,0.83,60174.74,79685.958,7968.5958,79.685958,0.79685958
002127.SZ,002127,南极电商,20170808,13.3,13.57,13.16,13.36,13.3,0.06,0.45,46945.41,62781.492,6278.1492,62.781492,0.62781492
002127.SZ,002127,南极电商,20170809,13.22,13.43,13.15,13.2,13.36,-0.16,-1.2,35590.7,47114.456,4711.4456,47.114456,0.47114456
002127.SZ,002127,南极电商,20170810,13.28,13.34,12.82,13.16,13.2,-0.04,-0.3,51922.24,67473.707,6747.3707,67.47370699999999,0.6747370699999999
002127.SZ,002127,南极电商,20170811,13.03,13.09,12.75,12.85,13.16,-0.31,-2.36,35097.07,45335.776,4533.5776,45.335776,0.4533577599999999
002127.SZ,002127,南极电商,20170814,12.89,13.59,12.79,13.51,12.85,0.66,5.14,86472.75,114554.966,11455.4966,114.554966,1.14554966
002127.SZ,002127,南极电商,20170815,13.52,13.63,13.3,13.53,13.51,0.02,0.15,45759.94,61773.632,6177.3632,61.773632,0.61773632
002127.SZ,002127,南极电商,20170816,13.5,13.9,13.36,13.74,13.53,0.21,1.55,63346.38,86371.879,8637.1879,86.371879,0.8637187900000001
002127.SZ,002127,南极电商,20170817,13.82,13.9,13.6,13.7,13.74,-0.04,-0.29,46756.05,64169.368,6416.9368,64.169368,0.64169368
002127.SZ,002127,南极电商,20170818,13.65,14.12,13.45,14.05,13.7,0.35,2.55,117184.76,163194.0,16319.4,163.194,1.63194
002127.SZ,002127,南极电商,20170821,14.05,14.65,13.81,14.57,14.05,0.52,3.7,155094.42,219721.649,21972.1649,219.721649,2.19721649
002127.SZ,002127,南极电商,20170822,14.55,14.77,14.02,14.28,14.57,-0.29,-1.99,132195.4,189723.503,18972.3503,189.723503,1.89723503
002127.SZ,002127,南极电商,20170823,14.21,14.25,13.94,14.07,14.28,-0.21,-1.47,48864.3,68722.101,6872.210099999999,68.722101,0.6872210099999999
002127.SZ,002127,南极电商,20170824,14.0,14.24,13.83,14.08,14.07,0.01,0.07,68524.08,95960.347,9596.0347,95.960347,0.95960347
002127.SZ,002127,南极电商,20170825,14.08,14.15,13.64,13.7,14.08,-0.38,-2.7,100239.77,138455.02,13845.502,138.45502,1.3845501999999998
002127.SZ,002127,南极电商,20170828,13.7,14.0,13.58,13.9,13.7,0.2,1.46,111369.79,153073.047,15307.3047,153.07304699999997,1.5307304699999995
002127.SZ,002127,南极电商,20170829,13.92,14.5,13.81,14.0,13.9,0.1,0.72,115106.03,163411.383,16341.1383,163.411383,1.63411383
002127.SZ,002127,南极电商,20170830,14.0,14.64,13.88,14.42,14.0,0.42,3.0,129551.27,186225.684,18622.5684,186.225684,1.86225684
002127.SZ,002127,南极电商,20170831,14.49,14.8,14.4,14.59,14.42,0.17,1.18,93999.02,137497.911,13749.7911,137.497911,1.37497911
002127.SZ,002127,南极电商,20170901,14.51,14.88,14.19,14.3,14.59,-0.29,-1.99,168452.82,245616.282,24561.6282,245.616282,2.45616282
002127.SZ,002127,南极电商,20170904,13.75,14.13,13.53,13.96,14.3,-0.34,-2.38,223215.5,310084.739,31008.4739,310.084739,3.10084739
002127.SZ,002127,南极电商,20170905,13.92,15.06,13.92,14.83,13.96,0.87,6.23,227283.14,333414.84,33341.484000000004,333.41484,3.3341484
002127.SZ,002127,南极电商,20170906,14.97,14.97,14.32,14.4,14.83,-0.43,-2.9,107519.73,156033.398,15603.339799999998,156.03339799999998,1.5603339799999998
002127.SZ,002127,南极电商,20170907,14.53,14.8,14.27,14.38,14.4,-0.02,-0.14,88106.59,127874.117,12787.4117,127.874117,1.2787411700000002
002127.SZ,002127,南极电商,20170908,14.49,14.78,14.3,14.5,14.38,0.12,0.83,117771.21,171065.594,17106.559400000002,171.06559400000003,1.7106559400000003
002127.SZ,002127,南极电商,20170911,14.44,15.02,14.3,14.94,14.5,0.44,3.03,118122.64,174516.567,17451.6567,174.516567,1.74516567
002127.SZ,002127,南极电商,20170912,14.96,15.18,14.78,14.89,14.94,-0.05,-0.33,86714.69,129958.907,12995.8907,129.958907,1.29958907
002127.SZ,002127,南极电商,20170913,14.9,15.16,14.8,15.11,14.89,0.22,1.48,82230.1,123429.729,12342.9729,123.429729,1.23429729
002127.SZ,002127,南极电商,20170914,15.08,15.25,14.88,14.9,15.11,-0.21,-1.39,73458.72,110416.963,11041.6963,110.416963,1.10416963
002127.SZ,002127,南极电商,20170915,14.9,15.55,14.73,15.5,14.9,0.6,4.03,128658.39,196781.363,19678.1363,196.78136300000003,1.96781363
002127.SZ,002127,南极电商,20170918,15.33,15.9,15.3,15.5,15.5,0.0,0.0,105043.25,164231.154,16423.115400000002,164.23115400000003,1.6423115400000003
002127.SZ,002127,南极电商,20170919,15.53,15.82,15.43,15.43,15.5,-0.07,-0.45,96364.35,149871.071,14987.1071,149.871071,1.49871071
002127.SZ,002127,南极电商,20170920,15.5,15.95,15.05,15.43,15.43,0.0,0.0,112869.06,173882.729,17388.2729,173.882729,1.73882729
002127.SZ,002127,南极电商,20170921,15.18,15.39,14.98,15.0,15.43,-0.43,-2.79,74881.33,113211.788,11321.1788,113.211788,1.13211788
002127.SZ,002127,南极电商,20170922,15.1,15.1,14.77,14.8,15.0,-0.2,-1.33,71276.53,106192.054,10619.2054,106.192054,1.06192054
002127.SZ,002127,南极电商,20170925,14.87,15.49,14.87,15.3,14.8,0.5,3.38,120485.38,183999.165,18399.9165,183.999165,1.83999165
002127.SZ,002127,南极电商,20170926,15.19,15.5,15.07,15.18,15.3,-0.12,-0.78,43259.7,65921.729,6592.1729000000005,65.921729,0.65921729
002127.SZ,002127,南极电商,20170927,15.21,15.47,15.14,15.2,15.18,0.02,0.13,44971.54,68658.487,6865.8487,68.658487,0.6865848699999999
002127.SZ,002127,南极电商,20170928,15.18,15.32,15.0,15.18,15.2,-0.02,-0.13,53318.3,80842.84,8084.284,80.84284,0.8084283999999999
002127.SZ,002127,南极电商,20170929,15.25,15.86,15.1,15.71,15.18,0.53,3.49,106228.42,166370.039,16637.0039,166.370039,1.6637003899999998
002127.SZ,002127,南极电商,20171009,15.93,16.06,15.57,15.89,15.71,0.18,1.15,92439.74,146125.917,14612.5917,146.125917,1.46125917
002127.SZ,002127,南极电商,20171010,15.7,16.17,15.7,16.08,15.89,0.19,1.2,115049.94,184455.78,18445.578,184.45578,1.8445578
002127.SZ,002127,南极电商,20171011,16.07,16.62,16.03,16.35,16.08,0.27,1.68,129526.83,213048.731,21304.8731,213.048731,2.13048731
002127.SZ,002127,南极电商,20171012,16.35,16.65,16.08,16.35,16.35,0.0,0.0,70340.12,114469.224,11446.9224,114.469224,1.14469224
002127.SZ,002127,南极电商,20171013,16.5,16.55,16.1,16.15,16.35,-0.2,-1.22,70042.22,113825.434,11382.5434,113.825434,1.1382543399999998
002127.SZ,002127,南极电商,20171016,16.16,17.18,16.11,17.05,16.15,0.9,5.57,169457.46,281353.35,28135.335,281.35335,2.8135335
002127.SZ,002127,南极电商,20171017,16.95,17.07,16.68,17.0,17.05,-0.05,-0.29,63043.01,106665.705,10666.5705,106.665705,1.06665705
002127.SZ,002127,南极电商,20171018,17.0,17.1,16.7,16.8,17.0,-0.2,-1.18,60196.2,101642.42,10164.242,101.64242,1.0164242
002127.SZ,002127,南极电商,20171019,16.94,17.19,16.55,16.88,16.8,0.08,0.48,64316.51,108237.36,10823.736,108.23736,1.0823736000000002
002127.SZ,002127,南极电商,20171020,16.69,17.1,16.4,16.76,16.88,-0.12,-0.71,89382.24,148941.531,14894.1531,148.941531,1.48941531
002127.SZ,002127,南极电商,20171023,16.76,16.76,16.28,16.5,16.76,-0.26,-1.55,84393.79,138844.753,13884.4753,138.844753,1.38844753
002127.SZ,002127,南极电商,20171024,16.51,16.71,16.31,16.5,16.5,0.0,0.0,41937.68,69112.61,6911.261,69.11261,0.6911261000000001
002127.SZ,002127,南极电商,20171025,16.6,17.08,16.49,16.73,16.5,0.23,1.39,61332.71,102355.054,10235.5054,102.355054,1.02355054
002127.SZ,002127,南极电商,20171026,15.94,16.19,15.06,15.06,16.73,-1.67,-9.98,397735.68,607936.891,60793.6891,607.936891,6.07936891
002127.SZ,002127,南极电商,20171027,14.85,15.56,14.77,15.34,15.06,0.28,1.86,241134.84,368690.338,36869.0338,368.690338,3.68690338
002127.SZ,002127,南极电商,20171030,15.34,15.58,14.91,15.38,15.34,0.04,0.26,116731.1,178388.299,17838.8299,178.38829900000002,1.7838829900000002
002127.SZ,002127,南极电商,20171031,15.38,15.49,14.21,15.35,15.38,-0.03,-0.2,163736.56,245916.21,24591.621,245.91621,2.4591621
002127.SZ,002127,南极电商,20171101,15.15,15.54,14.93,15.15,15.35,-0.2,-1.3,127827.59,195428.83,19542.883,195.42883,1.9542883
002127.SZ,002127,南极电商,20171102,15.18,15.18,14.68,15.09,15.15,-0.06,-0.4,78751.29,117638.72,11763.872,117.63872,1.1763872
002127.SZ,002127,南极电商,20171103,15.06,15.06,14.53,14.68,15.09,-0.41,-2.72,101340.83,148700.768,14870.0768,148.700768,1.48700768
002127.SZ,002127,南极电商,20171106,14.7,14.83,13.99,14.43,14.68,-0.25,-1.7,147138.6,210842.189,21084.2189,210.842189,2.10842189
002127.SZ,002127,南极电商,20171107,14.49,15.01,14.49,14.72,14.43,0.29,2.01,103366.52,152183.159,15218.3159,152.18315900000002,1.52183159
002127.SZ,002127,南极电商,20171108,14.87,16.08,14.87,15.72,14.72,1.0,6.79,157476.16,244241.742,24424.1742,244.241742,2.44241742
002127.SZ,002127,南极电商,20171109,15.73,15.88,15.25,15.4,15.72,-0.32,-2.04,93185.96,144215.634,14421.5634,144.215634,1.44215634
002127.SZ,002127,南极电商,20171110,15.36,15.51,15.11,15.35,15.4,-0.05,-0.32,61672.63,94402.055,9440.2055,94.402055,0.94402055
002127.SZ,002127,南极电商,20171113,14.9,14.9,13.82,13.87,15.35,-1.48,-9.64,316493.88,444224.049,44422.4049,444.224049,4.4422404900000005
002127.SZ,002127,南极电商,20171114,13.83,14.2,13.32,13.98,13.87,0.11,0.79,135969.7,188948.0,18894.8,188.948,1.88948
002127.SZ,002127,南极电商,20171115,13.97,13.97,12.68,13.2,13.98,-0.78,-5.58,208623.49,276253.391,27625.3391,276.253391,2.76253391
002127.SZ,002127,南极电商,20171116,13.0,13.66,12.97,13.19,13.2,-0.01,-0.08,202283.69,270911.473,27091.1473,270.911473,2.70911473
002127.SZ,002127,南极电商,20171117,13.19,13.54,12.91,13.17,13.19,-0.02,-0.15,127349.48,169181.584,16918.1584,169.18158400000002,1.69181584
002127.SZ,002127,南极电商,20171120,13.2,13.48,12.02,13.42,13.17,0.25,1.9,65279.58,84885.256,8488.525599999999,84.88525599999998,0.8488525599999999
002127.SZ,002127,南极电商,20171121,13.37,13.6,13.0,13.3,13.42,-0.12,-0.89,86201.04,114300.026,11430.0026,114.300026,1.14300026
002127.SZ,002127,南极电商,20171122,13.42,13.47,12.65,13.0,13.3,-0.3,-2.26,106768.88,138511.761,13851.1761,138.511761,1.38511761
002127.SZ,002127,南极电商,20171123,12.99,12.99,12.0,12.15,13.0,-0.85,-6.54,83018.08,102565.888,10256.5888,102.56588800000002,1.0256588800000002
002127.SZ,002127,南极电商,20171124,12.13,12.37,11.85,11.88,12.15,-0.27,-2.22,81329.25,98159.531,9815.9531,98.159531,0.98159531
002127.SZ,002127,南极电商,20171127,11.96,12.3,11.5,11.83,11.88,-0.05,-0.42,109553.46,129759.258,12975.9258,129.75925800000002,1.29759258
002127.SZ,002127,南极电商,20171128,11.75,11.9,11.45,11.57,11.83,-0.26,-2.2,113414.46,131738.655,13173.8655,131.738655,1.31738655
002127.SZ,002127,南极电商,20171129,11.63,12.43,11.37,12.23,11.57,0.66,5.7,166019.59,196850.49,19685.049,196.85049,1.9685049
002127.SZ,002127,南极电商,20171130,12.08,12.45,11.46,11.6,12.23,-0.63,-5.15,175634.02,209104.283,20910.4283,209.104283,2.09104283
002127.SZ,002127,南极电商,20171201,11.54,12.18,11.42,11.83,11.6,0.23,1.98,171717.1,203012.282,20301.2282,203.01228200000003,2.0301228200000003
002127.SZ,002127,南极电商,20171204,11.83,12.14,11.36,11.61,11.83,-0.22,-1.86,132826.56,154555.749,15455.5749,154.55574900000002,1.5455574900000002
002127.SZ,002127,南极电商,20171205,11.56,11.84,11.41,11.66,11.61,0.05,0.43,96907.64,112593.811,11259.3811,112.593811,1.12593811
002127.SZ,002127,南极电商,20171206,11.6,12.01,11.37,11.95,11.66,0.29,2.49,127766.79,149734.097,14973.4097,149.734097,1.49734097
002127.SZ,002127,南极电商,20171207,11.88,11.97,11.71,11.76,11.95,-0.19,-1.59,57045.02,67336.813,6733.681299999999,67.33681299999999,0.67336813
002127.SZ,002127,南极电商,20171208,11.79,12.33,11.73,12.09,11.76,0.33,2.81,117014.26,141641.812,14164.1812,141.64181200000002,1.41641812
002127.SZ,002127,南极电商,20171211,12.1,13.08,12.1,12.52,12.09,0.43,3.56,214359.49,268659.332,26865.9332,268.659332,2.68659332
002127.SZ,002127,南极电商,20171212,12.5,12.67,12.04,12.33,12.52,-0.19,-1.52,165959.51,205077.393,20507.7393,205.077393,2.05077393
002127.SZ,002127,南极电商,20171213,12.35,12.6,11.9,12.27,12.33,-0.06,-0.49,166798.04,204715.603,20471.5603,204.715603,2.04715603
002127.SZ,002127,南极电商,20171214,12.26,12.71,12.2,12.66,12.27,0.39,3.18,90819.27,113529.289,11352.9289,113.529289,1.13529289
002127.SZ,002127,南极电商,20171215,12.64,12.93,12.51,12.78,12.66,0.12,0.95,76375.24,97447.618,9744.7618,97.447618,0.97447618
002127.SZ,002127,南极电商,20171218,12.8,12.96,12.15,12.62,12.78,-0.16,-1.25,99350.71,124326.736,12432.6736,124.326736,1.24326736
002127.SZ,002127,南极电商,20171219,12.64,12.64,12.38,12.44,12.62,-0.18,-1.43,70319.35,87585.258,8758.5258,87.585258,0.87585258
002127.SZ,002127,南极电商,20171220,12.44,12.49,12.23,12.29,12.44,-0.15,-1.21,47560.72,58661.52,5866.152,58.66152,0.5866152
002127.SZ,002127,南极电商,20171221,12.3,12.68,12.18,12.64,12.29,0.35,2.85,67020.61,83621.404,8362.1404,83.621404,0.83621404
002127.SZ,002127,南极电商,20171222,12.65,12.94,12.51,12.53,12.64,-0.11,-0.87,53958.48,68713.418,6871.3418,68.713418,0.68713418
002127.SZ,002127,南极电商,20171225,12.44,12.48,12.02,12.33,12.53,-0.2,-1.6,67589.53,82266.56,8226.655999999999,82.26655999999998,0.8226655999999999
002127.SZ,002127,南极电商,20171226,12.32,12.32,12.04,12.15,12.33,-0.18,-1.46,66546.37,80614.617,8061.4617,80.614617,0.80614617
002127.SZ,002127,南极电商,20171227,12.13,12.58,12.09,12.52,12.15,0.37,3.05,136816.37,168953.29,16895.329,168.95329,1.6895329
002127.SZ,002127,南极电商,20171228,12.34,12.68,12.12,12.14,12.52,-0.38,-3.04,114737.49,141815.034,14181.5034,141.81503400000005,1.4181503400000002
002127.SZ,002127,南极电商,20171229,12.16,12.29,11.75,12.19,12.14,0.05,0.41,113621.21,135593.267,13559.3267,135.593267,1.35593267
002127.SZ,002127,南极电商,20180102,12.06,12.13,11.03,11.4,12.19,-0.79,-6.48,296830.47,339296.49,33929.649,339.29648999999995,3.3929648999999995
002127.SZ,002127,南极电商,20180103,11.2,11.32,11.03,11.21,11.4,-0.19,-1.67,218225.95,243844.48,24384.448,243.84448,2.4384448
002127.SZ,002127,南极电商,20180104,11.23,12.33,11.22,12.33,11.21,1.12,9.99,324328.82,382967.781,38296.7781,382.96778100000006,3.8296778100000006
002127.SZ,002127,南极电商,20180105,12.42,13.02,12.16,12.83,12.33,0.5,4.06,298164.07,378379.841,37837.9841,378.379841,3.78379841
002127.SZ,002127,南极电商,20180108,12.62,12.73,12.3,12.62,12.83,-0.21,-1.64,182602.05,227496.302,22749.6302,227.496302,2.27496302
002127.SZ,002127,南极电商,20180109,12.62,12.66,12.36,12.55,12.62,-0.07,-0.55,133389.52,166765.9,16676.59,166.7659,1.6676589999999998
002127.SZ,002127,南极电商,20180110,12.49,12.65,12.2,12.56,12.55,0.01,0.08,166472.68,206313.158,20631.3158,206.313158,2.0631315800000003
002127.SZ,002127,南极电商,20180111,12.45,12.53,12.28,12.48,12.56,-0.08,-0.64,92929.91,115572.223,11557.2223,115.572223,1.15572223
002127.SZ,002127,南极电商,20180112,12.45,12.46,11.98,12.02,12.48,-0.46,-3.69,76851.41,93854.551,9385.4551,93.854551,0.9385455100000002
002127.SZ,002127,南极电商,20180115,11.79,12.7,11.79,12.35,12.02,0.33,2.75,131765.14,161857.523,16185.752299999998,161.857523,1.6185752299999998
002127.SZ,002127,南极电商,20180116,12.3,12.44,12.03,12.11,12.35,-0.24,-1.94,89664.66,108944.15,10894.415,108.94415,1.0894415
002127.SZ,002127,南极电商,20180117,12.09,12.6,12.0,12.41,12.11,0.3,2.48,91649.05,113271.101,11327.1101,113.271101,1.13271101
002127.SZ,002127,南极电商,20180118,12.36,12.61,12.06,12.16,12.41,-0.25,-2.01,84028.38,102688.244,10268.8244,102.688244,1.02688244
002127.SZ,002127,南极电商,20180119,12.12,12.26,11.7,11.79,12.16,-0.37,-3.04,104095.98,124228.933,12422.8933,124.228933,1.24228933
002127.SZ,002127,南极电商,20180122,11.8,12.65,11.7,12.49,11.79,0.7,5.94,124434.86,152622.055,15262.2055,152.622055,1.52622055
002127.SZ,002127,南极电商,20180123,12.48,12.63,12.12,12.58,12.49,0.09,0.72,130612.46,161682.799,16168.2799,161.682799,1.61682799
002127.SZ,002127,南极电商,20180124,12.49,13.49,12.28,12.9,12.58,0.32,2.54,183013.21,232693.141,23269.3141,232.693141,2.32693141
002127.SZ,002127,南极电商,20180125,12.81,13.29,12.71,12.81,12.9,-0.09,-0.7,99070.92,128872.594,12887.2594,128.872594,1.28872594
002127.SZ,002127,南极电商,20180126,12.65,13.08,12.48,12.5,12.81,-0.31,-2.42,120151.9,154093.072,15409.3072,154.093072,1.54093072
002127.SZ,002127,南极电商,20180129,12.6,13.27,12.6,13.01,12.5,0.51,4.08,145812.9,189793.141,18979.3141,189.793141,1.89793141
002127.SZ,002127,南极电商,20180130,13.16,13.86,13.05,13.62,13.01,0.61,4.69,183963.21,248476.508,24847.6508,248.476508,2.48476508
002127.SZ,002127,南极电商,20180131,13.27,13.58,13.0,13.33,13.62,-0.29,-2.13,113155.39,150408.279,15040.8279,150.408279,1.50408279
002127.SZ,002127,南极电商,20180201,13.43,14.4,13.3,13.81,13.33,0.48,3.6,232908.39,323977.678,32397.7678,323.977678,3.23977678
002127.SZ,002127,南极电商,20180202,13.72,14.38,13.1,13.85,13.81,0.04,0.29,180719.71,249826.917,24982.6917,249.826917,2.49826917
002127.SZ,002127,南极电商,20180205,13.7,14.13,13.33,13.75,13.85,-0.1,-0.72,120776.62,164498.394,16449.8394,164.49839400000002,1.64498394
002127.SZ,002127,南极电商,20180206,13.3,13.94,12.92,13.1,13.75,-0.65,-4.73,104643.65,140931.847,14093.184700000002,140.931847,1.40931847
002127.SZ,002127,南极电商,20180207,13.36,13.68,13.14,13.36,13.1,0.26,1.98,95377.0,128019.648,12801.9648,128.019648,1.28019648
002127.SZ,002127,南极电商,20180208,13.35,13.75,13.13,13.68,13.36,0.32,2.4,93841.34,125948.264,12594.8264,125.948264,1.25948264
002127.SZ,002127,南极电商,20180209,13.31,13.8,13.14,13.64,13.68,-0.04,-0.29,115401.94,155259.032,15525.9032,155.25903200000002,1.5525903200000002
002127.SZ,002127,南极电商,20180212,13.64,14.54,13.51,14.18,13.64,0.54,3.96,170926.93,242771.693,24277.1693,242.77169300000003,2.4277169300000003
002127.SZ,002127,南极电商,20180213,14.24,14.55,13.7,13.76,14.18,-0.42,-2.96,128086.88,180413.009,18041.3009,180.413009,1.80413009
002127.SZ,002127,南极电商,20180214,13.6,13.95,13.53,13.83,13.76,0.07,0.51,54425.16,74562.498,7456.2498,74.562498,0.7456249800000001
002127.SZ,002127,南极电商,20180222,13.7,14.4,13.7,14.22,13.83,0.39,2.82,96854.04,137103.45,13710.345,137.10345,1.3710345000000002
002127.SZ,002127,南极电商,20180223,14.1,14.57,14.06,14.43,14.22,0.21,1.48,110890.7,159770.975,15977.0975,159.770975,1.59770975
002127.SZ,002127,南极电商,20180226,14.51,14.79,14.29,14.63,14.43,0.2,1.39,132502.76,192965.323,19296.5323,192.965323,1.92965323
002127.SZ,002127,南极电商,20180227,14.61,14.62,14.11,14.34,14.63,-0.29,-1.98,217698.86,313566.741,31356.6741,313.566741,3.13566741
002127.SZ,002127,南极电商,20180228,14.34,14.55,14.19,14.33,14.34,-0.01,-0.07,120667.64,173400.612,17340.0612,173.400612,1.73400612
002127.SZ,002127,南极电商,20180301,14.2,14.46,14.18,14.3,14.33,-0.03,-0.21,67895.36,97222.846,9722.2846,97.222846,0.97222846
002127.SZ,002127,南极电商,20180302,14.3,14.6,14.08,14.22,14.3,-0.08,-0.56,107783.67,154949.042,15494.9042,154.949042,1.54949042
002127.SZ,002127,南极电商,20180305,14.1,14.25,13.77,13.86,14.22,-0.36,-2.53,103030.44,143772.42,14377.242000000002,143.77242,1.4377242
002127.SZ,002127,南极电商,20180306,13.93,15.0,13.92,14.81,13.86,0.95,6.85,233966.53,342177.399,34217.7399,342.177399,3.42177399
002127.SZ,002127,南极电商,20180307,14.7,15.05,14.62,14.81,14.81,0.0,0.0,139978.33,207516.182,20751.6182,207.516182,2.07516182
002127.SZ,002127,南极电商,20180308,14.79,15.1,14.6,14.95,14.81,0.14,0.95,102758.32,153084.119,15308.4119,153.08411900000002,1.53084119
002127.SZ,002127,南极电商,20180309,15.0,15.3,14.58,14.88,14.95,-0.07,-0.47,119473.04,178718.711,17871.8711,178.718711,1.78718711
002127.SZ,002127,南极电商,20180312,14.88,15.73,14.81,15.17,14.88,0.29,1.95,154940.09,237458.067,23745.8067,237.458067,2.37458067
002127.SZ,002127,南极电商,20180313,15.17,15.4,15.0,15.29,15.17,0.12,0.79,99943.93,152250.225,15225.0225,152.250225,1.52250225
002127.SZ,002127,南极电商,20180314,15.26,15.91,15.13,15.7,15.29,0.41,2.68,164690.92,257949.975,25794.9975,257.949975,2.57949975
002127.SZ,002127,南极电商,20180315,15.4,16.08,15.4,15.93,15.7,0.23,1.47,86987.55,137927.511,13792.7511,137.92751099999998,1.3792751099999998
002127.SZ,002127,南极电商,20180316,16.0,16.47,15.65,15.88,15.93,-0.05,-0.31,121748.74,195743.026,19574.302600000003,195.743026,1.95743026
002127.SZ,002127,南极电商,20180319,15.88,16.25,15.4,15.88,15.88,0.0,0.0,81784.97,130248.827,13024.8827,130.248827,1.30248827
002127.SZ,002127,南极电商,20180320,15.65,15.91,15.5,15.69,15.88,-0.19,-1.2,77201.48,121074.115,12107.4115,121.074115,1.21074115
002127.SZ,002127,南极电商,20180321,15.84,16.15,15.62,15.68,15.69,-0.01,-0.06,85905.27,135746.569,13574.656899999998,135.746569,1.35746569
002127.SZ,002127,南极电商,20180322,15.68,15.97,15.3,15.46,15.68,-0.22,-1.4,69077.64,107820.818,10782.0818,107.820818,1.07820818
002127.SZ,002127,南极电商,20180323,15.12,15.75,14.89,15.22,15.46,-0.24,-1.55,126205.81,193305.82,19330.582,193.30582,1.9330582
002127.SZ,002127,南极电商,20180326,15.21,15.68,14.65,15.67,15.22,0.45,2.96,116160.11,178862.09,17886.209,178.86209,1.7886209
002127.SZ,002127,南极电商,20180327,15.58,15.89,15.46,15.72,15.67,0.05,0.32,148562.78,232522.456,23252.2456,232.52245600000003,2.325224560000001
002127.SZ,002127,南极电商,20180328,15.7,15.7,14.3,14.75,15.72,-0.97,-6.17,206205.75,306775.689,30677.5689,306.775689,3.06775689
002127.SZ,002127,南极电商,20180329,15.31,15.6,14.86,15.27,14.75,0.52,3.53,184534.31,282509.623,28250.962300000003,282.50962300000003,2.82509623
002127.SZ,002127,南极电商,20180330,15.28,15.54,15.04,15.36,15.27,0.09,0.59,120457.32,183868.852,18386.8852,183.868852,1.83868852
002127.SZ,002127,南极电商,20180402,15.46,16.05,15.31,15.94,15.36,0.58,3.78,154178.52,242987.552,24298.7552,242.987552,2.42987552
002127.SZ,002127,南极电商,20180403,15.86,15.86,15.1,15.7,15.94,-0.24,-1.51,126340.66,196094.513,19609.4513,196.094513,1.96094513
002127.SZ,002127,南极电商,20180404,15.63,15.72,15.21,15.29,15.7,-0.41,-2.61,58645.46,90367.085,9036.7085,90.367085,0.90367085
002127.SZ,002127,南极电商,20180409,15.25,15.25,14.53,14.88,15.29,-0.41,-2.68,90287.24,133393.619,13339.3619,133.393619,1.33393619
002127.SZ,002127,南极电商,20180410,14.75,15.61,14.75,15.41,14.88,0.53,3.56,109206.98,167620.373,16762.0373,167.620373,1.67620373
002127.SZ,002127,南极电商,20180411,15.37,15.65,15.01,15.3,15.41,-0.11,-0.71,79795.5,122265.44,12226.544,122.26544,1.2226544
002127.SZ,002127,南极电商,20180412,15.27,15.45,14.89,15.01,15.3,-0.29,-1.9,90315.39,136794.333,13679.4333,136.794333,1.36794333
002127.SZ,002127,南极电商,20180413,15.2,15.32,14.82,14.91,15.01,-0.1,-0.67,78269.65,117999.143,11799.9143,117.999143,1.17999143
002127.SZ,002127,南极电商,20180416,14.78,15.09,14.63,14.91,14.91,0.0,0.0,54155.49,80242.434,8024.243399999999,80.24243399999999,0.8024243399999998
002127.SZ,002127,南极电商,20180417,14.91,14.91,13.48,14.1,14.91,-0.81,-5.43,102618.75,146928.259,14692.8259,146.928259,1.46928259
002127.SZ,002127,南极电商,20180418,14.15,14.49,13.9,14.32,14.1,0.22,1.56,70713.9,100396.861,10039.6861,100.396861,1.00396861
002127.SZ,002127,南极电商,20180419,14.35,14.8,14.23,14.52,14.32,0.2,1.4,42586.93,61925.457,6192.545700000001,61.92545700000001,0.6192545700000001
002127.SZ,002127,南极电商,20180420,14.57,14.66,13.8,13.95,14.52,-0.57,-3.93,62236.95,88191.426,8819.142600000001,88.191426,0.8819142600000001
002127.SZ,002127,南极电商,20180423,13.98,14.59,13.98,14.14,13.95,0.19,1.36,68583.94,97663.343,9766.3343,97.66334299999998,0.9766334299999998
002127.SZ,002127,南极电商,20180424,14.23,15.03,14.17,14.93,14.14,0.79,5.59,91217.09,133267.655,13326.7655,133.267655,1.33267655
002127.SZ,002127,南极电商,20180425,14.73,15.18,14.5,14.91,14.93,-0.02,-0.13,85696.74,126718.773,12671.8773,126.718773,1.26718773
002127.SZ,002127,南极电商,20180426,15.05,15.22,14.65,14.94,14.91,0.03,0.2,97419.34,146016.44,14601.644,146.01644,1.4601643999999998
002127.SZ,002127,南极电商,20180427,15.0,15.15,14.73,15.09,14.94,0.15,1.0,82328.57,123355.563,12335.5563,123.355563,1.23355563
002127.SZ,002127,南极电商,20180502,15.2,15.24,14.72,15.13,15.09,0.04,0.27,63810.39,95544.86,9554.486,95.54486,0.9554486
002127.SZ,002127,南极电商,20180503,15.16,15.17,14.77,15.08,15.13,-0.05,-0.33,56000.35,84205.892,8420.5892,84.205892,0.84205892
002127.SZ,002127,南极电商,20180504,14.99,15.3,14.91,15.29,15.08,0.21,1.39,79035.6,119933.117,11993.3117,119.933117,1.19933117
002127.SZ,002127,南极电商,20180507,15.31,15.69,15.2,15.65,15.29,0.36,2.35,84942.89,131216.705,13121.670499999998,131.216705,1.31216705
002127.SZ,002127,南极电商,20180508,15.67,15.76,15.35,15.56,15.65,-0.09,-0.58,70123.98,108568.58,10856.858,108.56858,1.0856858
002127.SZ,002127,南极电商,20180509,15.57,15.6,15.2,15.32,15.56,-0.24,-1.54,55766.39,85461.028,8546.1028,85.461028,0.8546102799999999
002127.SZ,002127,南极电商,20180510,15.26,15.35,14.86,14.99,15.32,-0.33,-2.15,60693.9,91252.405,9125.2405,91.252405,0.91252405
002127.SZ,002127,南极电商,20180511,15.02,15.37,15.0,15.12,14.99,0.13,0.87,78799.76,119963.566,11996.3566,119.963566,1.1996356600000002
002127.SZ,002127,南极电商,20180514,15.12,15.8,15.12,15.45,15.12,0.33,2.18,125158.74,194758.027,19475.8027,194.758027,1.94758027
002127.SZ,002127,南极电商,20180515,15.57,15.65,15.25,15.27,15.45,-0.18,-1.17,73030.99,112812.331,11281.2331,112.812331,1.12812331
002127.SZ,002127,南极电商,20180516,15.42,15.58,14.99,15.02,15.27,-0.25,-1.64,98549.62,150972.887,15097.2887,150.972887,1.5097288699999998
002127.SZ,002127,南极电商,20180517,14.8,15.44,14.76,15.1,15.02,0.08,0.53,73986.25,112332.542,11233.2542,112.332542,1.1233254199999998
002127.SZ,002127,南极电商,20180518,15.19,15.27,14.88,14.96,15.1,-0.14,-0.93,52895.93,79389.526,7938.9526,79.38952599999999,0.7938952599999999
002127.SZ,002127,南极电商,20180521,15.2,15.85,15.03,15.74,14.96,0.78,5.21,118518.0,183476.406,18347.6406,183.476406,1.83476406
002127.SZ,002127,南极电商,20180522,15.7,16.35,15.65,16.12,15.74,0.38,2.41,149213.76,239554.361,23955.4361,239.554361,2.39554361
002127.SZ,002127,南极电商,20180523,16.37,16.37,15.96,16.09,16.12,-0.03,-0.19,103581.96,167127.319,16712.7319,167.127319,1.67127319
002127.SZ,002127,南极电商,20180524,16.1,16.1,15.62,15.76,16.09,-0.33,-2.05,62185.92,98330.965,9833.0965,98.330965,0.98330965
002127.SZ,002127,南极电商,20180525,10.49,10.57,10.3,10.34,10.47,-0.13,-1.24,82600.27,86300.281,8630.0281,86.300281,0.86300281
002127.SZ,002127,南极电商,20180528,10.34,10.99,10.27,10.99,10.34,0.65,6.29,229631.36,245776.285,24577.6285,245.776285,2.45776285
002127.SZ,002127,南极电商,20180529,10.9,11.16,10.52,10.58,10.99,-0.41,-3.73,138206.72,149071.81,14907.181,149.07181,1.4907181
002127.SZ,002127,南极电商,20180530,10.5,10.79,10.3,10.46,10.58,-0.12,-1.13,133683.8,141120.523,14112.0523,141.120523,1.41120523
002127.SZ,002127,南极电商,20180531,10.6,10.95,10.33,10.76,10.46,0.3,2.87,186338.53,198946.62,19894.662,198.94662,1.9894662
002127.SZ,002127,南极电商,20180601,10.64,10.86,10.3,10.44,10.76,-0.32,-2.97,121370.41,127189.131,12718.9131,127.189131,1.27189131
002127.SZ,002127,南极电商,20180604,10.52,10.74,10.35,10.5,10.44,0.06,0.57,125262.76,131963.74,13196.374,131.96374,1.3196374
002127.SZ,002127,南极电商,20180605,10.67,10.67,10.41,10.55,10.5,0.05,0.48,148295.81,156043.616,15604.3616,156.043616,1.56043616
002127.SZ,002127,南极电商,20180606,10.49,10.65,10.3,10.64,10.55,0.09,0.85,110451.52,115777.364,11577.7364,115.777364,1.1577736399999998
002127.SZ,002127,南极电商,20180607,10.56,10.67,10.43,10.51,10.64,-0.13,-1.22,93132.78,98281.919,9828.1919,98.281919,0.98281919
002127.SZ,002127,南极电商,20180608,10.59,10.59,9.9,9.9,10.51,-0.61,-5.8,258282.58,259593.993,25959.3993,259.59399299999995,2.59593993
002127.SZ,002127,南极电商,20180611,9.96,10.24,9.53,9.85,9.9,-0.05,-0.51,125664.91,124659.937,12465.9937,124.659937,1.2465993700000002
002127.SZ,002127,南极电商,20180612,9.96,10.1,9.67,10.03,9.85,0.18,1.83,115081.06,114425.354,11442.5354,114.425354,1.1442535400000002
002127.SZ,002127,南极电商,20180613,9.99,10.1,9.79,9.91,10.03,-0.12,-1.2,58456.77,58144.698,5814.4698,58.144698,0.58144698
002127.SZ,002127,南极电商,20180614,9.9,9.93,9.64,9.69,9.91,-0.22,-2.22,107677.13,104787.399,10478.7399,104.787399,1.04787399
002127.SZ,002127,南极电商,20180615,9.54,9.79,9.45,9.68,9.69,-0.01,-0.1,110537.88,106173.418,10617.3418,106.173418,1.06173418
002127.SZ,002127,南极电商,20180619,9.57,9.57,8.71,8.97,9.68,-0.71,-7.33,161463.41,147897.427,14789.7427,147.897427,1.47897427
002127.SZ,002127,南极电商,20180620,8.91,9.44,8.8,9.32,8.97,0.35,3.9,140629.29,130137.393,13013.7393,130.137393,1.30137393
002127.SZ,002127,南极电商,20180621,9.4,9.8,9.1,9.4,9.32,0.08,0.86,127949.72,122529.776,12252.9776,122.529776,1.22529776
002127.SZ,002127,南极电商,20180622,9.31,9.63,9.26,9.5,9.4,0.1,1.06,52477.58,49797.856,4979.7856,49.797856,0.49797856
002127.SZ,002127,南极电商,20180625,9.52,9.7,9.16,9.35,9.5,-0.15,-1.58,51482.38,48579.988,4857.998799999999,48.57998799999999,0.4857998799999999
002127.SZ,002127,南极电商,20180626,9.29,9.47,8.92,9.19,9.35,-0.16,-1.71,85276.59,78119.619,7811.9619,78.119619,0.78119619
002127.SZ,002127,南极电商,20180627,9.15,9.53,9.15,9.25,9.19,0.06,0.65,78481.98,73451.946,7345.1946,73.45194599999999,0.7345194599999999
002127.SZ,002127,南极电商,20180628,9.25,9.32,8.7,9.04,9.25,-0.21,-2.27,114491.66,103284.528,10328.4528,103.284528,1.03284528
002127.SZ,002127,南极电商,20180629,9.03,9.53,8.75,9.39,9.04,0.35,3.87,150406.81,137035.875,13703.5875,137.035875,1.37035875
002127.SZ,002127,南极电商,20180702,9.44,9.44,8.7,8.83,9.39,-0.56,-5.96,160659.85,144480.538,14448.0538,144.480538,1.44480538
002127.SZ,002127,南极电商,20180703,8.81,8.98,8.2,8.54,8.83,-0.29,-3.28,155294.66,131844.22,13184.422,131.84422,1.3184422
002127.SZ,002127,南极电商,20180704,8.5,8.75,8.5,8.64,8.54,0.1,1.17,108067.44,93676.643,9367.6643,93.676643,0.93676643
002127.SZ,002127,南极电商,20180705,8.7,8.7,8.03,8.16,8.64,-0.48,-5.56,120844.7,100149.71,10014.971,100.14971,1.0014971
002127.SZ,002127,南极电商,20180706,8.3,8.5,8.12,8.31,8.16,0.15,1.84,109334.07,91002.991,9100.2991,91.002991,0.91002991
002127.SZ,002127,南极电商,20180709,8.35,8.79,8.35,8.7,8.31,0.39,4.69,139566.74,120668.722,12066.8722,120.668722,1.20668722
002127.SZ,002127,南极电商,20180710,9.0,9.0,8.44,8.59,8.7,-0.11,-1.26,98449.57,84664.705,8466.4705,84.664705,0.84664705
002127.SZ,002127,南极电商,20180711,8.47,8.65,8.09,8.26,8.59,-0.33,-3.84,111185.78,91640.029,9164.0029,91.640029,0.91640029
002127.SZ,002127,南极电商,20180712,8.26,8.75,8.26,8.55,8.26,0.29,3.51,178563.34,152638.65,15263.865,152.63864999999998,1.5263865
002127.SZ,002127,南极电商,20180713,8.7,8.95,8.54,8.83,8.55,0.28,3.27,89459.16,78306.516,7830.6516,78.306516,0.78306516
002127.SZ,002127,南极电商,20180716,8.81,9.07,8.7,8.98,8.83,0.15,1.7,79620.59,71040.125,7104.0125,71.040125,0.71040125
002127.SZ,002127,南极电商,20180717,8.91,9.19,8.84,8.99,8.98,0.01,0.11,94210.82,84896.896,8489.6896,84.896896,0.84896896
002127.SZ,002127,南极电商,20180718,8.99,9.33,8.95,9.28,8.99,0.29,3.23,99276.4,91467.407,9146.7407,91.467407,0.91467407
002127.SZ,002127,南极电商,20180719,9.28,9.28,8.71,9.06,9.28,-0.22,-2.37,121290.04,108541.282,10854.1282,108.541282,1.0854128200000002
002127.SZ,002127,南极电商,20180720,9.0,9.03,8.63,8.82,9.06,-0.24,-2.649,125799.14,110405.532,11040.5532,110.405532,1.10405532
002127.SZ,002127,南极电商,20180723,8.81,9.1,8.64,8.9,8.82,0.08,0.907,74827.78,66802.319,6680.231900000001,66.80231900000001,0.6680231900000001
002127.SZ,002127,南极电商,20180724,8.82,8.98,8.81,8.85,8.9,-0.05,-0.5618,97123.08,86285.762,8628.5762,86.28576199999999,0.8628576199999999
002127.SZ,002127,南极电商,20180725,8.85,8.85,8.58,8.63,8.85,-0.22,-2.4859,102996.28,89327.24,8932.724,89.32724,0.8932724000000001
002127.SZ,002127,南极电商,20180726,8.7,8.85,8.56,8.69,8.63,0.06,0.6952,88959.01,77156.171,7715.6171,77.156171,0.77156171
002127.SZ,002127,南极电商,20180727,8.84,9.08,8.75,8.86,8.69,0.17,1.9563,164643.68,146895.349,14689.5349,146.89534899999998,1.46895349
002127.SZ,002127,南极电商,20180730,8.6,8.81,7.97,8.25,8.86,-0.61,-6.8849,185932.23,156200.69,15620.069,156.20069,1.5620069
002127.SZ,002127,南极电商,20180731,8.28,8.39,8.02,8.36,8.25,0.11,1.3333,117737.8,96980.525,9698.0525,96.980525,0.96980525
002127.SZ,002127,南极电商,20180801,8.32,8.62,8.24,8.25,8.36,-0.11,-1.3158,90511.35,76358.008,7635.8008,76.358008,0.76358008
002127.SZ,002127,南极电商,20180802,8.2,8.36,7.66,8.05,8.25,-0.2,-2.4242,137248.81,109604.815,10960.4815,109.604815,1.09604815
002127.SZ,002127,南极电商,20180803,7.98,8.37,7.98,8.05,8.05,0.0,0.0,146212.12,119782.397,11978.2397,119.782397,1.19782397
002127.SZ,002127,南极电商,20180806,8.21,8.3,7.77,7.88,8.05,-0.17,-2.1118,128503.09,103271.202,10327.1202,103.27120200000002,1.0327120200000002
002127.SZ,002127,南极电商,20180807,7.75,8.07,7.75,8.02,7.88,0.14,1.7766,73179.89,57911.53,5791.153,57.91153,0.5791153
002127.SZ,002127,南极电商,20180808,7.98,7.99,7.61,7.63,8.02,-0.39,-4.8628,101521.51,79268.764,7926.876399999999,79.26876399999999,0.7926876399999999
002127.SZ,002127,南极电商,20180809,7.65,8.23,7.55,8.07,7.63,0.44,5.7667,171853.25,136307.646,13630.7646,136.307646,1.36307646
002127.SZ,002127,南极电商,20180810,8.05,8.07,7.5,7.78,8.07,-0.29,-3.5936,222419.39,172868.685,17286.8685,172.868685,1.72868685
002127.SZ,002127,南极电商,20180813,7.62,7.8,7.49,7.78,7.78,0.0,0.0,113438.1,86784.368,8678.4368,86.784368,0.86784368
002127.SZ,002127,南极电商,20180814,7.77,7.95,7.66,7.86,7.78,0.08,1.0283,133101.34,104362.995,10436.2995,104.362995,1.04362995
002127.SZ,002127,南极电商,20180815,7.83,7.89,7.57,7.6,7.86,-0.26,-3.3079,130653.99,100701.506,10070.1506,100.701506,1.00701506
002127.SZ,002127,南极电商,20180816,7.51,7.82,7.43,7.78,7.6,0.18,2.3684,99491.65,76710.833,7671.0833,76.71083300000001,0.7671083300000001
002127.SZ,002127,南极电商,20180817,7.85,7.89,7.67,7.72,7.78,-0.06,-0.7712,78322.0,60849.163,6084.9163,60.849163,0.60849163
002127.SZ,002127,南极电商,20180820,7.7,7.91,7.52,7.85,7.72,0.13,1.6839,87041.68,66692.768,6669.2768,66.692768,0.66692768
002127.SZ,002127,南极电商,20180821,7.82,8.18,7.8,8.06,7.85,0.21,2.6752,91008.3,72967.635,7296.763499999999,72.96763499999999,0.7296763499999999
002127.SZ,002127,南极电商,20180822,8.07,8.1,7.94,8.0,8.06,-0.06,-0.7444,56921.73,45492.476,4549.247600000001,45.492476,0.45492476
002127.SZ,002127,南极电商,20180823,8.0,8.18,8.0,8.1,8.0,0.1,1.25,59895.23,48423.027,4842.3027,48.423027000000005,0.4842302700000001
002127.SZ,002127,南极电商,20180824,8.0,8.27,7.84,7.98,8.1,-0.12,-1.4815,117284.91,94969.041,9496.9041,94.969041,0.94969041
002127.SZ,002127,南极电商,20180827,8.02,8.43,8.02,8.3,7.98,0.32,4.01,120872.29,100243.133,10024.3133,100.243133,1.00243133
002127.SZ,002127,南极电商,20180828,8.27,8.67,8.21,8.37,8.3,0.07,0.8434,107312.44,89562.524,8956.252400000001,89.56252400000001,0.8956252400000001
002127.SZ,002127,南极电商,20180829,8.34,8.36,7.96,8.09,8.37,-0.28,-3.3453,156517.25,127026.754,12702.6754,127.026754,1.27026754
002127.SZ,002127,南极电商,20180830,8.05,8.17,7.89,7.93,8.09,-0.16,-1.9778,122719.24,97956.532,9795.6532,97.956532,0.97956532
002127.SZ,002127,南极电商,20180831,7.93,8.02,7.71,7.75,7.93,-0.18,-2.2699,131379.95,102943.779,10294.3779,102.943779,1.02943779
002127.SZ,002127,南极电商,20180903,7.51,7.71,7.28,7.4,7.75,-0.35,-4.5161,209533.49,155376.618,15537.661799999998,155.37661799999998,1.5537661799999998
002127.SZ,002127,南极电商,20180904,7.4,7.93,7.36,7.88,7.4,0.48,6.4865,175089.72,134930.199,13493.0199,134.930199,1.3493019899999998
002127.SZ,002127,南极电商,20180905,8.0,8.12,7.72,7.75,7.88,-0.13,-1.6497,142863.76,113187.125,11318.7125,113.187125,1.13187125
002127.SZ,002127,南极电商,20180906,7.96,7.99,7.55,7.6,7.75,-0.15,-1.9355,110745.45,85648.032,8564.8032,85.648032,0.85648032
002127.SZ,002127,南极电商,20180907,7.67,7.84,7.53,7.57,7.6,-0.03,-0.3947,83681.93,64293.164,6429.3164,64.29316399999999,0.6429316399999999
002127.SZ,002127,南极电商,20180910,7.58,7.68,7.21,7.31,7.57,-0.26,-3.4346,113925.51,83822.833,8382.2833,83.82283299999999,0.8382283299999999
002127.SZ,002127,南极电商,20180911,7.31,7.34,7.12,7.2,7.31,-0.11,-1.5048,90852.38,65391.289,6539.1289,65.391289,0.65391289
002127.SZ,002127,南极电商,20180912,7.24,7.24,6.88,7.07,7.2,-0.13,-1.8056,135355.61,95080.689,9508.0689,95.080689,0.95080689
002127.SZ,002127,南极电商,20180913,7.1,7.16,6.98,7.05,7.07,-0.02,-0.2829,158429.14,111751.788,11175.1788,111.751788,1.11751788
002127.SZ,002127,南极电商,20180914,7.07,7.23,7.0,7.01,7.05,-0.04,-0.5674,113393.37,80323.295,8032.3295,80.323295,0.8032329500000001
002127.SZ,002127,南极电商,20180917,6.94,6.94,6.31,6.39,7.01,-0.62,-8.8445,241037.38,156727.671,15672.7671,156.72767100000002,1.5672767100000002
002127.SZ,002127,南极电商,20180918,6.3,6.86,6.27,6.79,6.39,0.4,6.2598,264476.95,174916.632,17491.663200000003,174.91663200000002,1.7491663200000005
002127.SZ,002127,南极电商,20180919,6.94,7.35,6.94,7.25,6.79,0.46,6.7747,256102.41,183670.742,18367.0742,183.670742,1.83670742
002127.SZ,002127,南极电商,20180920,7.43,7.45,7.16,7.24,7.25,-0.01,-0.1379,122395.54,89178.406,8917.8406,89.178406,0.89178406
002127.SZ,002127,南极电商,20180921,7.35,7.38,7.14,7.33,7.24,0.09,1.2431,100235.15,72995.244,7299.5244,72.995244,0.72995244
002127.SZ,002127,南极电商,20180925,7.27,7.38,7.13,7.19,7.33,-0.14,-1.91,69850.88,50491.842,5049.1842,50.491842,0.50491842
002127.SZ,002127,南极电商,20180926,7.23,7.44,7.18,7.29,7.19,0.1,1.3908,114661.67,84103.395,8410.3395,84.103395,0.84103395
002127.SZ,002127,南极电商,20180927,7.29,7.35,7.2,7.22,7.29,-0.07,-0.9602,64237.85,46702.929,4670.2929,46.702929,0.46702929
002127.SZ,002127,南极电商,20180928,7.21,7.37,7.16,7.32,7.22,0.1,1.385,94620.74,68755.185,6875.5185,68.755185,0.68755185
002127.SZ,002127,南极电商,20181008,7.18,7.21,6.68,6.8,7.32,-0.52,-7.1038,125824.68,86541.382,8654.1382,86.541382,0.86541382
002127.SZ,002127,南极电商,20181009,6.83,6.93,6.71,6.82,6.8,0.02,0.2941,74568.18,51160.987,5116.0987000000005,51.160987000000006,0.51160987
002127.SZ,002127,南极电商,20181010,6.91,7.14,6.82,6.94,6.82,0.12,1.7595,119356.49,83135.906,8313.5906,83.13590599999999,0.8313590599999999
002127.SZ,002127,南极电商,20181011,6.7,6.75,6.27,6.46,6.94,-0.48,-6.9164,160965.98,104023.198,10402.3198,104.023198,1.0402319800000002
002127.SZ,002127,南极电商,20181012,6.26,6.69,6.03,6.45,6.46,-0.01,-0.1548,121730.47,77272.378,7727.2378,77.272378,0.7727237800000001
002127.SZ,002127,南极电商,20181015,6.46,6.69,6.1,6.16,6.45,-0.29,-4.4961,143814.34,92618.841,9261.8841,92.618841,0.92618841
002127.SZ,002127,南极电商,20181016,6.29,6.73,6.24,6.34,6.16,0.18,2.9221,162505.27,105060.292,10506.0292,105.060292,1.05060292
002127.SZ,002127,南极电商,20181017,6.38,6.57,5.71,6.32,6.34,-0.02,-0.3155,186557.17,114906.806,11490.6806,114.906806,1.14906806
002127.SZ,002127,南极电商,20181018,6.2,6.26,5.97,6.22,6.32,-0.1,-1.5823,153811.2,94012.475,9401.2475,94.012475,0.94012475
002127.SZ,002127,南极电商,20181019,6.03,6.41,6.01,6.28,6.22,0.06,0.9646,124909.72,77875.484,7787.5484,77.875484,0.77875484
002127.SZ,002127,南极电商,20181022,6.5,6.91,6.48,6.91,6.28,0.63,10.0318,143198.92,98106.322,9810.6322,98.106322,0.98106322
002127.SZ,002127,南极电商,20181023,7.24,7.45,6.87,6.94,6.91,0.03,0.4342,435256.03,312665.335,31266.5335,312.665335,3.12665335
002127.SZ,002127,南极电商,20181024,6.99,7.31,6.97,7.08,6.94,0.14,2.0173,224226.07,158661.705,15866.170499999998,158.66170499999998,1.58661705
002127.SZ,002127,南极电商,20181025,6.82,7.15,6.72,7.11,7.08,0.03,0.4237,144640.6,101603.726,10160.3726,101.603726,1.01603726
002127.SZ,002127,南极电商,20181026,7.22,7.45,7.2,7.28,7.11,0.17,2.391,178643.19,131247.892,13124.7892,131.24789199999998,1.3124789199999998
002127.SZ,002127,南极电商,20181029,7.3,7.35,6.81,6.93,7.28,-0.35,-4.8077,154568.48,108474.702,10847.4702,108.474702,1.08474702
002127.SZ,002127,南极电商,20181030,7.0,7.16,6.89,7.0,6.93,0.07,1.0101,189901.66,133701.157,13370.1157,133.701157,1.33701157
002127.SZ,002127,南极电商,20181031,7.1,7.35,7.03,7.32,7.0,0.32,4.5714,176352.82,127617.737,12761.7737,127.617737,1.27617737
002127.SZ,002127,南极电商,20181101,7.38,7.7,7.18,7.53,7.32,0.21,2.8689,239524.26,178996.403,17899.6403,178.996403,1.78996403
002127.SZ,002127,南极电商,20181102,7.75,7.99,7.6,7.76,7.53,0.23,3.0544,278768.76,216977.367,21697.7367,216.977367,2.16977367
002127.SZ,002127,南极电商,20181105,7.7,7.84,7.47,7.67,7.76,-0.09,-1.1598,195949.0,149337.442,14933.7442,149.337442,1.49337442
002127.SZ,002127,南极电商,20181106,7.63,7.65,7.46,7.58,7.67,-0.09,-1.1734,79623.49,60225.385,6022.538500000001,60.225385,0.60225385
002127.SZ,002127,南极电商,20181107,7.58,7.69,7.51,7.54,7.58,-0.04,-0.5277,86647.28,65875.936,6587.5936,65.875936,0.6587593599999999
002127.SZ,002127,南极电商,20181108,7.62,7.66,7.45,7.52,7.54,-0.02,-0.2653,74230.04,56028.512,5602.8512,56.028512,0.56028512
002127.SZ,002127,南极电商,20181109,7.43,7.48,7.3,7.41,7.52,-0.11,-1.4628,105552.98,77927.305,7792.7305,77.92730499999999,0.7792730499999999
002127.SZ,002127,南极电商,20181112,7.44,7.99,7.36,7.86,7.41,0.45,6.0729,158275.37,122719.709,12271.9709,122.719709,1.22719709
002127.SZ,002127,南极电商,20181113,7.71,8.29,7.7,8.19,7.86,0.33,4.1985,181899.49,146369.117,14636.9117,146.36911700000002,1.4636911700000002
002127.SZ,002127,南极电商,20181114,8.12,8.3,8.08,8.09,8.19,-0.1,-1.221,105347.33,86068.211,8606.8211,86.06821099999999,0.86068211
002127.SZ,002127,南极电商,20181115,8.09,8.22,8.09,8.13,8.09,0.04,0.4944,105651.06,86076.952,8607.6952,86.076952,0.8607695200000001
002127.SZ,002127,南极电商,20181116,8.12,8.54,8.12,8.39,8.13,0.26,3.198,118480.99,98704.06,9870.406,98.70405999999998,0.9870405999999998
002127.SZ,002127,南极电商,20181119,8.3,8.39,8.15,8.24,8.39,-0.15,-1.7878,124758.68,103183.538,10318.3538,103.183538,1.0318353800000002
002127.SZ,002127,南极电商,20181120,8.18,8.4,8.03,8.3,8.24,0.06,0.7282,111367.04,91511.266,9151.1266,91.511266,0.91511266
002127.SZ,002127,南极电商,20181121,8.1,8.3,8.08,8.16,8.3,-0.14,-1.6867,100103.23,81832.493,8183.2493,81.832493,0.81832493
002127.SZ,002127,南极电商,20181122,8.18,8.3,8.15,8.23,8.16,0.07,0.8578,58707.17,48229.975,4822.9975,48.229975,0.4822997499999999
002127.SZ,002127,南极电商,20181123,8.21,8.22,7.86,7.99,8.23,-0.24,-2.9162,121102.13,97292.912,9729.2912,97.292912,0.97292912
002127.SZ,002127,南极电商,20181126,7.91,8.11,7.53,7.77,7.99,-0.22,-2.7534,169060.49,131595.227,13159.5227,131.59522700000002,1.31595227
002127.SZ,002127,南极电商,20181127,7.94,8.03,7.79,7.9,7.77,0.13,1.6731,79676.09,62903.649,6290.3649,62.903649,0.62903649
002127.SZ,002127,南极电商,20181128,8.1,8.11,7.73,7.85,7.9,-0.05,-0.6329,88401.9,69297.08,6929.7080000000005,69.29708000000001,0.6929708000000001
002127.SZ,002127,南极电商,20181129,7.86,8.04,7.75,7.77,7.85,-0.08,-1.0191,92062.22,73107.836,7310.7836,73.10783599999999,0.7310783599999999
002127.SZ,002127,南极电商,20181130,7.77,7.88,7.61,7.81,7.77,0.04,0.5148,51497.37,39973.782,3997.3782,39.973782,0.39973782
002127.SZ,002127,南极电商,20181203,8.06,8.4,7.92,7.94,7.81,0.13,1.6645,180372.29,145622.735,14562.2735,145.622735,1.45622735
002127.SZ,002127,南极电商,20181204,7.84,7.99,7.84,7.95,7.94,0.01,0.1259,89288.92,70702.614,7070.2614,70.702614,0.70702614
002127.SZ,002127,南极电商,20181205,7.87,7.97,7.66,7.82,7.95,-0.13,-1.6352,95314.98,74722.963,7472.2963,74.722963,0.74722963
002127.SZ,002127,南极电商,20181206,7.75,7.81,7.48,7.5,7.82,-0.32,-4.0921,116873.57,88806.651,8880.6651,88.806651,0.88806651
002127.SZ,002127,南极电商,20181207,7.5,7.75,7.48,7.69,7.5,0.19,2.5333,75425.53,57597.429,5759.742899999999,57.59742899999999,0.5759742899999999
002127.SZ,002127,南极电商,20181210,7.37,7.71,7.35,7.59,7.69,-0.1,-1.3004,99948.55,75802.945,7580.294500000001,75.80294500000001,0.7580294500000001
002127.SZ,002127,南极电商,20181211,7.69,7.77,7.56,7.65,7.59,0.06,0.7905,69537.93,53294.497,5329.4497,53.294497,0.53294497
002127.SZ,002127,南极电商,20181212,7.61,7.78,7.6,7.63,7.65,-0.02,-0.2614,91007.19,70098.225,7009.8225,70.098225,0.70098225
002127.SZ,002127,南极电商,20181213,7.76,7.77,7.46,7.59,7.63,-0.04,-0.5242,136904.6,103169.446,10316.9446,103.169446,1.03169446
002127.SZ,002127,南极电商,20181214,7.61,7.61,7.32,7.35,7.59,-0.24,-3.1621,115253.57,85102.35,8510.235,85.10235,0.8510235
002127.SZ,002127,南极电商,20181217,7.35,7.35,6.85,7.1,7.35,-0.25,-3.4014,163079.33,115958.076,11595.8076,115.958076,1.15958076
002127.SZ,002127,南极电商,20181218,7.14,7.38,7.02,7.27,7.1,0.17,2.3944,133651.74,96654.742,9665.4742,96.654742,0.96654742
002127.SZ,002127,南极电商,20181219,7.44,7.47,7.18,7.24,7.27,-0.03,-0.4127,133214.66,97023.38,9702.338,97.02338,0.9702338
002127.SZ,002127,南极电商,20181220,7.28,7.28,7.07,7.21,7.24,-0.03,-0.4144,69663.56,50032.349,5003.2349,50.032349,0.50032349
002127.SZ,002127,南极电商,20181221,7.11,7.43,7.08,7.31,7.21,0.1,1.387,107756.73,78656.252,7865.625199999999,78.656252,0.7865625199999999
002127.SZ,002127,南极电商,20181224,7.28,7.36,7.16,7.18,7.31,-0.13,-1.7784,93207.66,67606.417,6760.6417,67.60641700000001,0.6760641700000001
002127.SZ,002127,南极电商,20181225,7.19,7.3,7.09,7.27,7.18,0.09,1.2535,106619.68,76936.004,7693.6004,76.936004,0.76936004
002127.SZ,002127,南极电商,20181226,7.24,7.52,7.19,7.47,7.27,0.2,2.751,119518.48,88782.5,8878.25,88.7825,0.887825
002127.SZ,002127,南极电商,20181227,7.55,7.67,7.23,7.26,7.47,-0.21,-2.8112,127070.99,93937.549,9393.7549,93.937549,0.93937549
002127.SZ,002127,南极电商,20181228,7.22,7.54,7.22,7.52,7.26,0.26,3.5813,106594.72,78947.434,7894.743399999999,78.94743399999999,0.7894743399999998
002127.SZ,002127,南极电商,20190102,7.48,7.58,7.26,7.4,7.52,-0.12,-1.5957,100530.44,74549.063,7454.9063,74.54906299999999,0.7454906299999999
002127.SZ,002127,南极电商,20190103,7.38,7.39,7.15,7.22,7.4,-0.18,-2.4324,90276.44,65568.57,6556.857000000001,65.56857000000001,0.6556857
002127.SZ,002127,南极电商,20190104,7.16,7.65,7.11,7.55,7.22,0.33,4.5706,145383.43,108847.113,10884.7113,108.847113,1.0884711299999998
002127.SZ,002127,南极电商,20190107,7.68,8.09,7.65,8.0,7.55,0.45,5.9603,173301.1,138068.072,13806.8072,138.068072,1.38068072
002127.SZ,002127,南极电商,20190108,8.01,8.2,7.93,8.14,8.0,0.14,1.75,88851.33,71956.231,7195.6231,71.956231,0.71956231
002127.SZ,002127,南极电商,20190109,8.11,8.38,8.03,8.13,8.14,-0.01,-0.1229,122124.06,100546.911,10054.6911,100.546911,1.00546911
002127.SZ,002127,南极电商,20190110,8.07,8.32,8.0,8.06,8.13,-0.07,-0.861,107266.3,87659.226,8765.9226,87.659226,0.87659226
002127.SZ,002127,南极电商,20190111,8.13,8.23,8.03,8.13,8.06,0.07,0.8685,74510.88,60649.704,6064.9704,60.649704,0.60649704
002127.SZ,002127,南极电商,20190114,7.98,8.44,7.98,8.2,8.13,0.07,0.861,149383.62,124041.437,12404.1437,124.041437,1.24041437
002127.SZ,002127,南极电商,20190115,8.38,8.38,8.05,8.27,8.2,0.07,0.8537,140460.28,115217.031,11521.7031,115.217031,1.15217031
002127.SZ,002127,南极电商,20190116,8.27,8.7,8.23,8.51,8.27,0.24,2.9021,182894.97,155228.537,15522.8537,155.22853700000002,1.55228537
002127.SZ,002127,南极电商,20190117,8.5,8.86,8.36,8.8,8.51,0.29,3.4078,136142.12,117180.686,11718.0686,117.180686,1.17180686
002127.SZ,002127,南极电商,20190118,8.73,9.1,8.56,8.81,8.8,0.01,0.1136,195276.64,171862.706,17186.2706,171.862706,1.71862706
002127.SZ,002127,南极电商,20190121,8.86,9.38,8.7,9.13,8.81,0.32,3.6322,248838.84,227563.499,22756.3499,227.563499,2.27563499
002127.SZ,002127,南极电商,20190122,9.01,9.01,8.57,8.61,9.13,-0.52,-5.6955,192133.42,167613.185,16761.3185,167.61318500000002,1.6761318500000002
002127.SZ,002127,南极电商,20190123,8.57,9.25,8.5,9.14,8.61,0.53,6.1556,178768.1,161860.984,16186.0984,161.860984,1.61860984
002127.SZ,002127,南极电商,20190124,9.05,9.15,8.78,8.87,9.14,-0.27,-2.954,110420.33,98569.15,9856.915,98.56915,0.9856915
002127.SZ,002127,南极电商,20190125,8.89,8.98,8.76,8.81,8.87,-0.06,-0.6764,90615.54,80484.773,8048.4773,80.484773,0.8048477300000001
002127.SZ,002127,南极电商,20190128,8.84,9.58,8.84,9.34,8.81,0.53,6.0159,178280.73,165879.76,16587.976000000002,165.87976000000003,1.6587976000000004
002127.SZ,002127,南极电商,20190129,9.52,9.53,9.07,9.48,9.34,0.14,1.4989,158790.9,147682.878,14768.2878,147.682878,1.47682878
002127.SZ,002127,南极电商,20190130,9.47,9.51,9.2,9.27,9.48,-0.21,-2.2152,93931.14,88031.409,8803.1409,88.031409,0.8803140899999999
002127.SZ,002127,南极电商,20190131,9.09,9.52,9.09,9.24,9.27,-0.03,-0.3236,69838.82,64774.259,6477.4259,64.774259,0.64774259
002127.SZ,002127,南极电商,20190201,9.24,9.42,9.06,9.39,9.24,0.15,1.6234,111140.27,102969.052,10296.9052,102.969052,1.02969052
002127.SZ,002127,南极电商,20190211,9.4,9.87,9.3,9.76,9.39,0.37,3.9404,95175.27,91462.108,9146.2108,91.462108,0.91462108
002127.SZ,002127,南极电商,20190212,9.7,9.82,9.46,9.54,9.76,-0.22,-2.2541,116781.19,111512.809,11151.2809,111.512809,1.11512809
002127.SZ,002127,南极电商,20190213,9.5,9.56,9.25,9.5,9.54,-0.04,-0.4193,131012.61,122801.999,12280.1999,122.801999,1.22801999
002127.SZ,002127,南极电商,20190214,9.43,9.76,9.34,9.69,9.5,0.19,2.0,121421.0,115911.475,11591.1475,115.911475,1.15911475
002127.SZ,002127,南极电商,20190215,9.65,9.65,9.37,9.57,9.69,-0.12,-1.2384,144071.64,136577.289,13657.728899999998,136.57728899999998,1.3657728899999997
002127.SZ,002127,南极电商,20190218,9.29,9.6,8.84,9.6,9.57,0.03,0.3135,416160.14,385568.721,38556.8721,385.568721,3.85568721
002127.SZ,002127,南极电商,20190219,9.47,9.62,9.41,9.5,9.6,-0.1,-1.0417,157645.57,150492.497,15049.2497,150.492497,1.5049249700000005
002127.SZ,002127,南极电商,20190220,9.55,9.55,9.13,9.45,9.5,-0.05,-0.5263,133706.78,125177.701,12517.7701,125.177701,1.25177701
002127.SZ,002127,南极电商,20190221,9.4,9.55,9.3,9.32,9.45,-0.13,-1.3757,92472.56,87214.296,8721.4296,87.21429599999999,0.8721429599999999
002127.SZ,002127,南极电商,20190222,9.04,10.1,9.04,9.98,9.32,0.66,7.0815,196191.22,189884.021,18988.4021,189.884021,1.89884021
002127.SZ,002127,南极电商,20190225,10.01,10.8,10.01,10.78,9.98,0.8,8.016,157085.76,164756.764,16475.6764,164.756764,1.64756764
002127.SZ,002127,南极电商,20190226,10.77,10.96,10.18,10.25,10.78,-0.53,-4.9165,215478.03,227647.337,22764.7337,227.647337,2.27647337
002127.SZ,002127,南极电商,20190227,10.35,10.46,9.82,9.99,10.25,-0.26,-2.5366,164760.98,165631.79,16563.179,165.63179,1.6563179
002127.SZ,002127,南极电商,20190228,10.15,10.68,10.1,10.6,9.99,0.61,6.1061,165915.64,172890.163,17289.0163,172.890163,1.72890163
002127.SZ,002127,南极电商,20190301,10.76,10.79,10.08,10.51,10.6,-0.09,-0.8491,150945.02,155570.041,15557.0041,155.570041,1.55570041
002127.SZ,002127,南极电商,20190304,10.45,11.2,10.44,11.0,10.51,0.49,4.6622,196869.58,214978.716,21497.8716,214.978716,2.14978716
002127.SZ,002127,南极电商,20190305,11.03,11.09,10.78,10.95,11.0,-0.05,-0.4545,139301.57,151536.732,15153.6732,151.536732,1.51536732
002127.SZ,002127,南极电商,20190306,10.91,11.01,10.69,10.87,10.95,-0.08,-0.7306,133363.31,144402.544,14440.2544,144.402544,1.44402544
002127.SZ,002127,南极电商,20190307,10.9,10.9,10.43,10.5,10.87,-0.37,-3.4039,177030.38,186966.739,18696.6739,186.966739,1.8696673900000005
002127.SZ,002127,南极电商,20190308,10.12,10.6,10.09,10.19,10.5,-0.31,-2.9524,152049.38,158234.643,15823.4643,158.234643,1.58234643
002127.SZ,002127,南极电商,20190311,10.33,10.9,10.05,10.8,10.19,0.61,5.9863,253808.76,265591.246,26559.1246,265.591246,2.65591246
002127.SZ,002127,南极电商,20190312,10.77,10.92,10.37,10.63,10.8,-0.17,-1.5741,182694.0,195739.403,19573.9403,195.739403,1.95739403
002127.SZ,002127,南极电商,20190313,10.6,10.6,10.15,10.27,10.63,-0.36,-3.3866,149688.16,154807.472,15480.747200000002,154.80747200000002,1.5480747200000002
002127.SZ,002127,南极电商,20190314,10.28,10.56,10.18,10.41,10.27,0.14,1.3632,113837.44,117975.72,11797.572,117.97572,1.1797572
002127.SZ,002127,南极电商,20190315,10.6,10.78,10.32,10.66,10.41,0.25,2.4015,240417.32,256325.317,25632.5317,256.325317,2.56325317
002127.SZ,002127,南极电商,20190318,10.6,11.58,10.52,11.45,10.66,0.79,7.4109,301288.49,339026.057,33902.6057,339.026057,3.39026057
002127.SZ,002127,南极电商,20190319,11.44,11.83,11.32,11.5,11.45,0.05,0.4367,189513.17,219688.183,21968.8183,219.688183,2.19688183
002127.SZ,002127,南极电商,20190320,11.51,11.89,11.33,11.62,11.5,0.12,1.0435,158448.36,183427.791,18342.7791,183.427791,1.83427791
002127.SZ,002127,南极电商,20190321,11.61,11.97,11.39,11.48,11.62,-0.14,-1.2048,101592.54,117798.804,11779.8804,117.798804,1.17798804
002127.SZ,002127,南极电商,20190322,11.41,11.73,11.19,11.54,11.48,0.06,0.5226,120341.5,138765.945,13876.5945,138.76594500000002,1.38765945
002127.SZ,002127,南极电商,20190325,11.18,11.77,11.16,11.41,11.54,-0.13,-1.1265,104841.5,120792.852,12079.2852,120.792852,1.20792852
002127.SZ,002127,南极电商,20190326,11.55,11.55,10.89,10.98,11.41,-0.43,-3.7686,168227.66,187047.012,18704.7012,187.047012,1.87047012
002127.SZ,002127,南极电商,20190327,10.95,11.36,10.95,11.12,10.98,0.14,1.275,172229.44,192445.847,19244.5847,192.445847,1.92445847
002127.SZ,002127,南极电商,20190328,11.14,11.43,11.07,11.12,11.12,0.0,0.0,104561.15,118124.111,11812.4111,118.124111,1.1812411100000002
002127.SZ,002127,南极电商,20190329,11.16,11.56,11.14,11.45,11.12,0.33,2.9676,151649.58,172602.046,17260.2046,172.602046,1.72602046
002127.SZ,002127,南极电商,20190401,11.48,12.05,11.45,11.81,11.45,0.36,3.1441,229990.41,270750.607,27075.0607,270.750607,2.70750607
002127.SZ,002127,南极电商,20190402,11.82,12.01,11.61,11.77,11.81,-0.04,-0.3387,129027.82,153104.419,15310.4419,153.104419,1.53104419
002127.SZ,002127,南极电商,20190403,11.77,11.8,11.42,11.66,11.77,-0.11,-0.9346,127600.28,147854.232,14785.4232,147.854232,1.47854232
002127.SZ,002127,南极电商,20190404,11.64,11.75,11.28,11.33,11.66,-0.33,-2.8302,157915.99,180327.641,18032.7641,180.327641,1.80327641
002127.SZ,002127,南极电商,20190408,11.43,11.51,10.96,11.16,11.33,-0.17,-1.5004,213412.37,239810.639,23981.0639,239.810639,2.39810639
002127.SZ,002127,南极电商,20190409,11.12,11.48,10.99,11.48,11.16,0.32,2.8674,114575.06,129958.89,12995.889,129.95889,1.2995889
002127.SZ,002127,南极电商,20190410,11.53,11.6,11.25,11.57,11.48,0.09,0.784,106405.49,121720.204,12172.0204,121.720204,1.21720204
002127.SZ,002127,南极电商,20190411,11.46,11.52,11.01,11.15,11.57,-0.42,-3.6301,126422.97,141485.439,14148.5439,141.485439,1.41485439
002127.SZ,002127,南极电商,20190412,11.05,11.25,10.83,11.15,11.15,0.0,0.0,83117.0,92139.065,9213.9065,92.13906500000002,0.9213906500000002
002127.SZ,002127,南极电商,20190415,11.35,11.36,10.55,10.72,11.15,-0.43,-3.8565,182438.69,197651.524,19765.1524,197.651524,1.97651524
002127.SZ,002127,南极电商,20190416,10.67,10.93,10.48,10.8,10.72,0.08,0.7463,201128.16,215863.853,21586.3853,215.863853,2.15863853
002127.SZ,002127,南极电商,20190417,10.78,11.42,10.78,10.89,10.8,0.09,0.8333,163913.15,181692.255,18169.2255,181.692255,1.81692255
002127.SZ,002127,南极电商,20190418,11.1,11.13,10.74,11.05,10.89,0.16,1.4692,83902.88,92555.029,9255.5029,92.555029,0.92555029
002127.SZ,002127,南极电商,20190419,10.93,10.98,10.59,10.87,11.05,-0.18,-1.629,153007.63,164978.569,16497.8569,164.978569,1.64978569
002127.SZ,002127,南极电商,20190422,10.89,11.22,10.82,11.03,10.87,0.16,1.4719,104046.99,114993.007,11499.3007,114.993007,1.14993007
002127.SZ,002127,南极电商,20190423,11.1,11.62,11.03,11.43,11.03,0.4,3.6265,188977.47,216096.759,21609.6759,216.096759,2.16096759
002127.SZ,002127,南极电商,20190424,11.48,11.85,11.43,11.57,11.43,0.14,1.2248,148776.7,172558.043,17255.8043,172.558043,1.72558043
002127.SZ,002127,南极电商,20190425,11.55,11.74,11.19,11.4,11.57,-0.17,-1.4693,139630.93,160446.952,16044.695199999998,160.44695199999998,1.60446952
002127.SZ,002127,南极电商,20190426,11.42,11.46,10.9,11.0,11.4,-0.4,-3.5088,105244.23,116812.997,11681.2997,116.812997,1.16812997
002127.SZ,002127,南极电商,20190429,10.98,12.1,10.98,12.1,11.0,1.1,10.0,221408.86,260865.478,26086.5478,260.865478,2.60865478
002127.SZ,002127,南极电商,20190430,12.15,12.53,11.81,11.96,12.1,-0.14,-1.157,222712.1,269355.08,26935.508,269.35508000000004,2.693550800000001
002127.SZ,002127,南极电商,20190506,11.2,11.99,11.16,11.37,11.96,-0.59,-4.9331,224389.3,259327.899,25932.7899,259.327899,2.59327899
002127.SZ,002127,南极电商,20190507,11.44,12.51,11.44,12.21,11.37,0.84,7.3879,263942.97,319359.027,31935.9027,319.359027,3.19359027
002127.SZ,002127,南极电商,20190508,11.6,12.8,11.5,12.58,12.21,0.37,3.0303,286048.38,357845.673,35784.5673,357.84567300000003,3.5784567300000005
002127.SZ,002127,南极电商,20190509,12.31,12.51,11.47,11.81,12.58,-0.77,-6.1208,205298.51,244932.607,24493.2607,244.932607,2.44932607
002127.SZ,002127,南极电商,20190510,11.83,12.98,11.83,12.65,11.81,0.84,7.1126,257715.52,320648.901,32064.8901,320.648901,3.2064890100000003
002127.SZ,002127,南极电商,20190513,12.53,13.18,12.37,12.98,12.65,0.33,2.6087,206663.71,266263.574,26626.3574,266.263574,2.6626357400000003
002127.SZ,002127,南极电商,20190514,12.42,13.09,12.42,12.46,12.98,-0.52,-4.0062,183029.97,231388.773,23138.8773,231.388773,2.3138877300000003
002127.SZ,002127,南极电商,20190515,12.52,12.87,12.15,12.77,12.46,0.31,2.488,203078.79,256076.557,25607.6557,256.076557,2.56076557
002127.SZ,002127,南极电商,20190516,12.56,12.67,12.23,12.48,12.77,-0.29,-2.2709,154402.94,192620.36,19262.036,192.62036,1.9262036
002127.SZ,002127,南极电商,20190517,12.48,12.7,12.08,12.3,12.48,-0.18,-1.4423,99889.87,122992.13,12299.213,122.99213,1.2299213
002127.SZ,002127,南极电商,20190520,12.14,12.29,11.85,12.07,12.3,-0.23,-1.8699,96133.75,115947.031,11594.7031,115.947031,1.15947031
002127.SZ,002127,南极电商,20190521,12.05,12.81,11.92,12.54,12.07,0.47,3.894,112203.17,139813.396,13981.3396,139.813396,1.39813396
002127.SZ,002127,南极电商,20190522,12.48,12.53,12.0,12.23,12.54,-0.31,-2.4721,96551.96,118222.145,11822.2145,118.222145,1.18222145
002127.SZ,002127,南极电商,20190523,12.05,12.14,11.57,11.73,12.23,-0.5,-4.0883,144885.65,170370.123,17037.0123,170.37012299999998,1.7037012299999998
002127.SZ,002127,南极电商,20190524,11.82,11.85,10.57,11.03,11.73,-0.7,-5.9676,497541.62,547825.325,54782.5325,547.8253249999999,5.478253249999999
002127.SZ,002127,南极电商,20190527,10.62,11.05,10.4,10.9,11.03,-0.13,-1.1786,631208.36,676230.903,67623.09030000001,676.2309030000001,6.762309030000001
002127.SZ,002127,南极电商,20190528,10.81,11.57,10.46,11.26,10.9,0.36,3.3028,291067.76,322490.057,32249.0057,322.490057,3.22490057
002127.SZ,002127,南极电商,20190529,11.1,11.49,10.86,11.12,11.26,-0.14,-1.2433,186862.12,209010.523,20901.0523,209.010523,2.0901052300000003
002127.SZ,002127,南极电商,20190530,10.98,11.51,10.8,11.01,11.12,-0.11,-0.9892,133995.14,148430.441,14843.0441,148.430441,1.48430441
002127.SZ,002127,南极电商,20190531,11.01,11.3,10.8,10.8,11.01,-0.21,-1.9074,124199.93,136289.827,13628.9827,136.28982699999997,1.3628982699999996
002127.SZ,002127,南极电商,20190603,10.83,11.15,10.53,10.72,10.8,-0.08,-0.7407,178579.04,193526.718,19352.6718,193.526718,1.93526718
002127.SZ,002127,南极电商,20190604,10.85,10.92,10.54,10.6,10.72,-0.12,-1.1194,172453.74,183905.023,18390.5023,183.905023,1.83905023
002127.SZ,002127,南极电商,20190605,10.75,10.86,10.25,10.32,10.6,-0.28,-2.6415,168531.49,175814.982,17581.498199999998,175.814982,1.75814982
002127.SZ,002127,南极电商,20190606,10.35,10.4,10.01,10.08,10.32,-0.24,-2.3256,148266.9,150920.37,15092.037,150.92037,1.5092036999999998
002127.SZ,002127,南极电商,20190610,10.1,10.26,9.82,9.91,10.08,-0.17,-1.6865,225802.92,225563.118,22556.3118,225.563118,2.25563118
002127.SZ,002127,南极电商,20190611,10.12,10.79,10.04,10.56,9.91,0.65,6.559,230751.68,239667.773,23966.7773,239.667773,2.39667773
002127.SZ,002127,南极电商,20190612,10.66,10.67,9.89,10.0,10.56,-0.56,-5.303,250201.74,252181.849,25218.1849,252.181849,2.52181849
002127.SZ,002127,南极电商,20190613,10.03,10.2,9.82,10.1,10.0,0.1,1.0,116511.56,117234.516,11723.4516,117.234516,1.17234516
002127.SZ,002127,南极电商,20190614,10.1,10.2,9.86,9.89,10.1,-0.21,-2.0792,106703.97,107058.346,10705.8346,107.058346,1.07058346
002127.SZ,002127,南极电商,20190617,9.73,9.88,9.28,9.71,9.89,-0.18,-1.82,247759.13,236933.828,23693.3828,236.933828,2.36933828
002127.SZ,002127,南极电商,20190618,9.85,10.15,9.71,9.9,9.71,0.19,1.9567,199504.15,197243.641,19724.3641,197.243641,1.97243641
002127.SZ,002127,南极电商,20190619,10.22,10.68,10.2,10.27,9.9,0.37,3.7374,279872.67,293019.191,29301.9191,293.019191,2.93019191
002127.SZ,002127,南极电商,20190620,10.42,10.58,10.17,10.56,10.27,0.29,2.8238,276097.57,287605.29,28760.529,287.60529,2.8760528999999995
002127.SZ,002127,南极电商,20190621,10.5,11.02,10.34,10.41,10.56,-0.15,-1.4205,185493.56,196917.151,19691.7151,196.917151,1.96917151
002127.SZ,002127,南极电商,20190624,10.47,10.62,10.14,10.25,10.41,-0.16,-1.537,176226.92,181315.005,18131.5005,181.315005,1.81315005
002127.SZ,002127,南极电商,20190625,10.16,10.5,10.15,10.39,10.25,0.14,1.3659,133314.24,137418.67,13741.867000000002,137.41867000000002,1.3741867
002127.SZ,002127,南极电商,20190626,10.39,11.15,10.25,11.04,10.39,0.65,6.256,222584.08,241250.061,24125.0061,241.250061,2.41250061
002127.SZ,002127,南极电商,20190627,11.03,11.42,10.9,11.24,11.04,0.2,1.8116,152590.33,170674.615,17067.461499999998,170.674615,1.70674615
002127.SZ,002127,南极电商,20190628,11.2,11.4,10.92,11.24,11.24,0.0,0.0,81266.53,90609.902,9060.9902,90.609902,0.90609902
002127.SZ,002127,南极电商,20190701,11.29,11.85,11.28,11.55,11.24,0.31,2.758,124504.56,144777.025,14477.7025,144.77702499999998,1.4477702499999998
002127.SZ,002127,南极电商,20190702,11.5,11.77,11.36,11.6,11.55,0.05,0.4329,118020.08,136204.561,13620.4561,136.20456099999998,1.3620456099999998
002127.SZ,002127,南极电商,20190703,11.56,11.59,11.25,11.44,11.6,-0.16,-1.3793,123026.17,140493.683,14049.368299999998,140.49368299999998,1.4049368299999998
002127.SZ,002127,南极电商,20190704,11.42,11.42,10.8,11.0,11.44,-0.44,-3.8462,192371.96,212077.601,21207.7601,212.077601,2.12077601
002127.SZ,002127,南极电商,20190705,11.13,11.31,10.9,11.05,11.0,0.05,0.4545,89866.99,99591.825,9959.1825,99.591825,0.99591825
002127.SZ,002127,南极电商,20190708,11.05,11.08,10.45,10.5,11.05,-0.55,-4.9774,133925.45,142736.856,14273.6856,142.73685600000002,1.42736856
002127.SZ,002127,南极电商,20190709,10.6,10.79,10.31,10.54,10.5,0.04,0.381,59143.44,62268.191,6226.8191,62.268191,0.62268191
002127.SZ,002127,南极电商,20190710,10.53,10.65,10.38,10.49,10.54,-0.05,-0.4744,64047.67,67406.031,6740.6031,67.406031,0.67406031
002127.SZ,002127,南极电商,20190711,10.55,10.73,10.32,10.37,10.49,-0.12,-1.1439,84339.34,88557.523,8855.7523,88.557523,0.88557523
002127.SZ,002127,南极电商,20190712,10.41,10.5,10.16,10.5,10.37,0.13,1.2536,90706.54,93552.4,9355.24,93.5524,0.935524
002127.SZ,002127,南极电商,20190715,10.3,10.5,10.01,10.26,10.5,-0.24,-2.2857,118535.5,121293.649,12129.3649,121.293649,1.21293649
002127.SZ,002127,南极电商,20190716,10.29,10.29,10.1,10.13,10.26,-0.13,-1.2671,86345.08,87797.694,8779.769400000001,87.797694,0.87797694
002127.SZ,002127,南极电商,20190717,10.2,10.25,10.01,10.07,10.13,-0.06,-0.5923,66581.77,67209.231,6720.9231,67.209231,0.67209231
002127.SZ,002127,南极电商,20190718,10.04,10.13,9.9,10.04,10.07,-0.03,-0.2979,71057.85,71177.981,7117.7981,71.177981,0.71177981
002127.SZ,002127,南极电商,20190719,9.98,10.16,9.93,10.04,10.04,0.0,0.0,81267.49,81537.464,8153.746400000001,81.53746400000001,0.8153746400000002
002127.SZ,002127,南极电商,20190722,10.05,10.23,9.75,10.19,10.04,0.15,1.494,100238.44,100500.122,10050.0122,100.500122,1.00500122
002127.SZ,002127,南极电商,20190723,10.12,10.45,10.08,10.33,10.19,0.14,1.3739,84690.0,87146.41,8714.641,87.14641,0.8714641000000001
002127.SZ,002127,南极电商,20190724,10.34,10.55,10.33,10.39,10.33,0.06,0.5808,74804.2,78126.43,7812.642999999999,78.12642999999998,0.7812642999999998
002127.SZ,002127,南极电商,20190725,10.3,10.57,10.26,10.52,10.39,0.13,1.2512,92207.5,96132.624,9613.2624,96.132624,0.96132624
002127.SZ,002127,南极电商,20190726,10.53,10.75,10.45,10.74,10.52,0.22,2.0913,89785.71,95253.384,9525.3384,95.253384,0.95253384
002127.SZ,002127,南极电商,20190729,10.84,10.95,10.59,10.68,10.74,-0.06,-0.5587,74210.4,79734.553,7973.4553,79.73455299999999,0.7973455299999999
002127.SZ,002127,南极电商,20190730,10.66,10.81,10.34,10.38,10.68,-0.3,-2.809,105745.99,111347.616,11134.7616,111.347616,1.11347616
002127.SZ,002127,南极电商,20190731,10.53,10.54,10.26,10.29,10.38,-0.09,-0.8671,100183.63,104158.998,10415.8998,104.158998,1.04158998
002127.SZ,002127,南极电商,20190801,10.25,10.35,9.9,10.0,10.29,-0.29,-2.8183,141997.5,142524.497,14252.4497,142.524497,1.42524497
002127.SZ,002127,南极电商,20190802,9.88,10.03,9.72,9.86,10.0,-0.14,-1.4,91508.27,90488.345,9048.8345,90.488345,0.90488345
002127.SZ,002127,南极电商,20190805,9.8,9.96,9.62,9.88,9.86,0.02,0.2028,117740.4,115677.874,11567.7874,115.677874,1.1567787399999998
002127.SZ,002127,南极电商,20190806,9.72,10.03,9.59,9.96,9.88,0.08,0.8097,111293.72,108993.994,10899.3994,108.993994,1.08993994
002127.SZ,002127,南极电商,20190807,10.0,10.03,9.69,9.75,9.96,-0.21,-2.1084,67029.01,65630.95,6563.094999999999,65.63095,0.6563095
002127.SZ,002127,南极电商,20190808,9.69,9.8,9.6,9.76,9.75,0.01,0.1026,55191.78,53645.327,5364.5327,53.645327,0.53645327
002127.SZ,002127,南极电商,20190809,9.79,9.83,9.35,9.52,9.76,-0.24,-2.459,146945.86,140206.026,14020.602600000002,140.206026,1.40206026
002127.SZ,002127,南极电商,20190812,9.52,9.72,9.42,9.59,9.52,0.07,0.7353,68094.48,65041.579,6504.1579,65.041579,0.6504157899999999
002127.SZ,002127,南极电商,20190813,9.48,9.59,9.32,9.38,9.59,-0.21,-2.1898,78219.09,73546.511,7354.6511,73.546511,0.7354651099999999
002127.SZ,002127,南极电商,20190814,9.5,10.32,9.46,9.99,9.38,0.61,6.5032,242199.78,242023.885,24202.3885,242.023885,2.42023885
002127.SZ,002127,南极电商,20190815,9.85,9.96,9.58,9.81,9.99,-0.18,-1.8018,135146.39,132012.483,13201.2483,132.012483,1.32012483
002127.SZ,002127,南极电商,20190816,9.52,9.83,9.44,9.58,9.81,-0.23,-2.3445,147232.0,141015.285,14101.5285,141.015285,1.41015285
002127.SZ,002127,南极电商,20190819,9.6,10.35,9.6,10.24,9.58,0.66,6.8894,206666.99,208914.425,20891.4425,208.914425,2.0891442499999995
002127.SZ,002127,南极电商,20190820,10.4,10.58,10.09,10.12,10.24,-0.12,-1.1719,141195.27,145036.875,14503.6875,145.036875,1.45036875
002127.SZ,002127,南极电商,20190821,10.1,10.5,9.9,10.5,10.12,0.38,3.7549,200637.95,206710.027,20671.0027,206.710027,2.06710027
002127.SZ,002127,南极电商,20190822,10.45,10.45,9.95,10.27,10.5,-0.23,-2.1905,260723.84,265060.195,26506.0195,265.060195,2.6506019500000004
002127.SZ,002127,南极电商,20190823,10.27,10.32,10.14,10.19,10.27,-0.08,-0.779,111144.11,113562.782,11356.2782,113.562782,1.13562782
002127.SZ,002127,南极电商,20190826,9.98,10.3,9.91,10.16,10.19,-0.03,-0.2944,83027.49,84275.999,8427.5999,84.275999,0.84275999
002127.SZ,002127,南极电商,20190827,10.2,10.65,10.17,10.34,10.16,0.18,1.7717,178749.02,185422.694,18542.2694,185.422694,1.85422694
002127.SZ,002127,南极电商,20190828,10.48,10.49,10.15,10.27,10.34,-0.07,-0.677,102110.29,104923.567,10492.3567,104.923567,1.04923567
002127.SZ,002127,南极电商,20190829,10.24,10.38,9.98,10.21,10.27,-0.06,-0.5842,149116.65,150910.695,15091.0695,150.910695,1.50910695
002127.SZ,002127,南极电商,20190830,10.15,10.26,9.9,10.03,10.21,-0.18,-1.763,148096.86,148452.232,14845.2232,148.45223199999998,1.4845223199999995
002127.SZ,002127,南极电商,20190902,9.95,10.16,9.87,10.02,10.03,-0.01,-0.0997,188976.98,189078.964,18907.8964,189.078964,1.89078964
002127.SZ,002127,南极电商,20190903,10.02,10.07,9.89,9.93,10.02,-0.09,-0.8982,134962.5,134175.833,13417.583300000002,134.175833,1.3417583300000002
002127.SZ,002127,南极电商,20190904,9.92,10.07,9.8,9.98,9.93,0.05,0.5035,159303.18,158223.002,15822.3002,158.223002,1.58223002
002127.SZ,002127,南极电商,20190905,10.02,10.38,10.0,10.02,9.98,0.04,0.4008,257916.63,261685.358,26168.5358,261.685358,2.61685358
002127.SZ,002127,南极电商,20190906,10.08,10.11,9.74,9.78,10.02,-0.24,-2.3952,205758.84,202844.743,20284.4743,202.844743,2.02844743
002127.SZ,002127,南极电商,20190909,9.82,9.93,9.72,9.88,9.78,0.1,1.0225,200343.27,196594.067,19659.4067,196.594067,1.96594067
002127.SZ,002127,南极电商,20190910,9.94,10.16,9.86,10.05,9.88,0.17,1.7206,190865.26,191600.402,19160.0402,191.600402,1.91600402
002127.SZ,002127,南极电商,20190911,10.06,10.1,9.82,9.91,10.05,-0.14,-1.393,162254.51,161074.823,16107.4823,161.074823,1.61074823
002127.SZ,002127,南极电商,20190912,9.92,9.96,9.7,9.78,9.91,-0.13,-1.3118,114779.95,112423.331,11242.3331,112.423331,1.1242333100000002
002127.SZ,002127,南极电商,20190916,9.79,9.84,9.53,9.64,9.78,-0.14,-1.4315,174187.4,167712.596,16771.259599999998,167.71259599999996,1.6771259599999997
002127.SZ,002127,南极电商,20190917,9.5,9.52,9.18,9.37,9.64,-0.27,-2.8008,264752.36,247224.338,24722.4338,247.224338,2.47224338
002127.SZ,002127,南极电商,20190918,9.37,9.49,9.3,9.46,9.37,0.09,0.9605,104156.74,98085.932,9808.5932,98.085932,0.98085932
002127.SZ,002127,南极电商,20190919,9.45,9.73,9.41,9.69,9.46,0.23,2.4313,151597.85,145657.942,14565.7942,145.657942,1.45657942
002127.SZ,002127,南极电商,20190920,9.7,10.34,9.7,10.19,9.69,0.5,5.16,411627.14,415043.895,41504.389500000005,415.043895,4.15043895
002127.SZ,002127,南极电商,20190923,10.13,10.27,9.98,10.18,10.19,-0.01,-0.0981,245464.74,248317.673,24831.7673,248.317673,2.48317673
002127.SZ,002127,南极电商,20190924,10.29,10.44,10.01,10.12,10.18,-0.06,-0.5894,210845.16,215402.392,21540.2392,215.402392,2.15402392
002127.SZ,002127,南极电商,20190925,10.22,10.22,9.94,10.22,10.12,0.1,0.9881,199264.57,200545.529,20054.5529,200.545529,2.00545529
002127.SZ,002127,南极电商,20190926,10.6,11.24,10.6,11.03,10.22,0.81,7.9256,666711.01,733541.62,73354.162,733.54162,7.3354162
002127.SZ,002127,南极电商,20190927,10.92,10.99,10.57,10.65,11.03,-0.38,-3.4451,329763.15,354319.476,35431.9476,354.319476,3.54319476
002127.SZ,002127,南极电商,20190930,10.69,10.69,10.25,10.31,10.65,-0.34,-3.1925,174966.32,182264.67,18226.467,182.26467,1.8226467
002127.SZ,002127,南极电商,20191008,10.37,10.77,10.36,10.43,10.31,0.12,1.1639,184359.07,194796.919,19479.6919,194.796919,1.94796919
002127.SZ,002127,南极电商,20191009,10.47,10.7,10.29,10.41,10.43,-0.02,-0.1918,164328.33,171489.444,17148.9444,171.489444,1.71489444
002127.SZ,002127,南极电商,20191010,10.5,11.44,10.42,11.41,10.41,1.0,9.6061,329135.47,364709.515,36470.9515,364.709515,3.64709515
002127.SZ,002127,南极电商,20191011,11.4,11.62,11.2,11.38,11.41,-0.03,-0.2629,185956.6,212768.609,21276.8609,212.768609,2.12768609
002127.SZ,002127,南极电商,20191014,11.65,11.69,11.11,11.22,11.38,-0.16,-1.406,192305.08,216819.424,21681.9424,216.819424,2.16819424
002127.SZ,002127,南极电商,20191015,11.13,11.19,10.74,10.9,11.22,-0.32,-2.852,218468.35,238558.05,23855.805,238.55805,2.3855805
002127.SZ,002127,南极电商,20191016,10.99,11.1,10.73,10.77,10.9,-0.13,-1.1927,168159.23,182995.012,18299.5012,182.995012,1.82995012
002127.SZ,002127,南极电商,20191017,10.86,11.61,10.77,11.43,10.77,0.66,6.1281,241970.75,274030.713,27403.0713,274.030713,2.74030713
002127.SZ,002127,南极电商,20191018,11.17,12.19,11.17,11.95,11.43,0.52,4.5494,445935.39,524685.567,52468.5567,524.685567,5.24685567
002127.SZ,002127,南极电商,20191021,12.02,12.46,11.93,12.11,11.95,0.16,1.3389,305757.28,373064.499,37306.4499,373.064499,3.73064499
002127.SZ,002127,南极电商,20191022,11.71,12.09,11.6,11.81,12.11,-0.3,-2.4773,356233.71,420400.941,42040.0941,420.4009410000001,4.20400941
002127.SZ,002127,南极电商,20191023,11.69,11.8,11.4,11.56,11.81,-0.25,-2.1169,215273.8,248591.214,24859.1214,248.591214,2.48591214
002127.SZ,002127,南极电商,20191024,11.29,11.53,11.24,11.43,11.56,-0.13,-1.1246,166228.69,189101.736,18910.1736,189.101736,1.89101736
002127.SZ,002127,南极电商,20191025,11.39,11.65,11.2,11.5,11.43,0.07,0.6124,210013.69,240323.589,24032.3589,240.323589,2.40323589
002127.SZ,002127,南极电商,20191028,11.2,11.86,11.11,11.67,11.5,0.17,1.4783,209038.17,241409.349,24140.9349,241.409349,2.41409349
002127.SZ,002127,南极电商,20191029,11.43,11.93,11.4,11.4,11.67,-0.27,-2.3136,179726.24,208144.376,20814.4376,208.144376,2.0814437599999995
002127.SZ,002127,南极电商,20191030,11.29,11.44,11.14,11.25,11.4,-0.15,-1.3158,160561.54,180638.805,18063.8805,180.638805,1.80638805
002127.SZ,002127,南极电商,20191031,11.19,11.35,10.78,10.93,11.25,-0.32,-2.8444,203912.21,223711.671,22371.1671,223.711671,2.23711671
002127.SZ,002127,南极电商,20191101,10.95,11.66,10.82,11.53,10.93,0.6,5.4895,231763.52,262462.254,26246.225400000003,262.46225400000003,2.6246225400000003
002127.SZ,002127,南极电商,20191104,11.39,11.64,11.3,11.36,11.53,-0.17,-1.4744,157291.12,180173.477,18017.3477,180.173477,1.80173477
002127.SZ,002127,南极电商,20191105,11.36,11.83,11.19,11.65,11.36,0.29,2.5528,216927.0,252017.766,25201.7766,252.017766,2.5201776600000003
002127.SZ,002127,南极电商,20191106,11.55,11.66,11.08,11.2,11.65,-0.45,-3.8627,184367.84,208307.65,20830.765,208.30765,2.0830765
002127.SZ,002127,南极电商,20191107,11.03,11.37,10.86,11.28,11.2,0.08,0.7143,174677.3,194580.56,19458.056,194.58056,1.9458056
002127.SZ,002127,南极电商,20191108,11.3,11.63,11.0,11.05,11.28,-0.23,-2.039,250918.15,283224.075,28322.4075,283.224075,2.8322407500000004
002127.SZ,002127,南极电商,20191111,10.95,10.96,10.5,10.61,11.05,-0.44,-3.9819,191609.06,205079.889,20507.9889,205.079889,2.0507988900000003
002127.SZ,002127,南极电商,20191112,10.54,10.72,10.17,10.35,10.61,-0.26,-2.4505,202726.89,209706.599,20970.6599,209.706599,2.09706599
002127.SZ,002127,南极电商,20191113,10.37,10.55,10.14,10.22,10.35,-0.13,-1.256,164891.49,170107.304,17010.7304,170.107304,1.70107304
002127.SZ,002127,南极电商,20191114,10.29,10.4,10.14,10.25,10.22,0.03,0.2935,123351.27,126642.153,12664.2153,126.642153,1.26642153
002127.SZ,002127,南极电商,20191115,10.34,10.52,10.21,10.27,10.25,0.02,0.1951,130934.62,135485.953,13548.5953,135.485953,1.35485953
002127.SZ,002127,南极电商,20191118,10.29,10.57,10.11,10.5,10.27,0.23,2.2395,149282.79,155341.054,15534.1054,155.341054,1.5534105400000002
002127.SZ,002127,南极电商,20191119,10.5,10.93,10.38,10.78,10.5,0.28,2.6667,191543.81,205857.568,20585.7568,205.857568,2.05857568
002127.SZ,002127,南极电商,20191120,10.77,10.88,10.52,10.58,10.78,-0.2,-1.8553,103593.03,110156.307,11015.6307,110.156307,1.10156307
002127.SZ,002127,南极电商,20191121,10.48,10.51,10.25,10.46,10.58,-0.12,-1.1342,82259.28,85365.734,8536.5734,85.36573399999999,0.8536573399999999
002127.SZ,002127,南极电商,20191122,10.47,10.6,10.17,10.22,10.46,-0.24,-2.2945,107278.93,111076.401,11107.6401,111.076401,1.11076401
002127.SZ,002127,南极电商,20191125,10.21,10.31,9.9,10.1,10.22,-0.12,-1.1742,121995.31,122889.508,12288.9508,122.889508,1.22889508
002127.SZ,002127,南极电商,20191126,10.21,10.44,9.96,9.96,10.1,-0.14,-1.3861,215163.92,218421.535,21842.1535,218.421535,2.18421535
002127.SZ,002127,南极电商,20191127,10.09,10.49,10.02,10.39,9.96,0.43,4.3173,184951.37,190840.137,19084.0137,190.840137,1.90840137
002127.SZ,002127,南极电商,20191128,10.27,10.5,10.25,10.48,10.39,0.09,0.8662,111093.69,115409.192,11540.9192,115.409192,1.15409192
002127.SZ,002127,南极电商,20191129,10.52,11.18,10.48,11.09,10.48,0.61,5.8206,247707.73,270418.226,27041.822600000003,270.418226,2.70418226
002127.SZ,002127,南极电商,20191202,11.05,11.1,10.66,10.82,11.09,-0.27,-2.4346,181886.02,196326.088,19632.6088,196.326088,1.96326088
002127.SZ,002127,南极电商,20191203,10.81,11.39,10.7,11.26,10.82,0.44,4.0665,247714.44,275507.772,27550.7772,275.507772,2.75507772
002127.SZ,002127,南极电商,20191204,11.13,11.27,11.03,11.18,11.26,-0.08,-0.7105,86292.17,95995.689,9599.5689,95.995689,0.95995689
002127.SZ,002127,南极电商,20191205,11.23,11.34,10.98,11.14,11.18,-0.04,-0.3578,125026.76,138913.679,13891.3679,138.913679,1.38913679
002127.SZ,002127,南极电商,20191206,11.15,11.24,10.97,11.18,11.14,0.04,0.3591,107922.47,119606.01,11960.601,119.60600999999998,1.1960600999999995
002127.SZ,002127,南极电商,20191209,11.18,11.26,11.01,11.18,11.18,0.0,0.0,119640.79,133583.613,13358.3613,133.583613,1.33583613
002127.SZ,002127,南极电商,20191210,11.22,11.22,10.83,11.06,11.18,-0.12,-1.0733,133647.95,147112.199,14711.2199,147.112199,1.47112199
002127.SZ,002127,南极电商,20191211,11.06,11.08,10.63,10.88,11.06,-0.18,-1.6275,149094.24,160947.61,16094.761,160.94761,1.6094761
002127.SZ,002127,南极电商,20191212,10.88,11.0,10.53,10.59,10.88,-0.29,-2.6654,143631.48,153434.145,15343.4145,153.434145,1.53434145
002127.SZ,002127,南极电商,20191213,10.66,11.09,10.64,10.81,10.59,0.22,2.0774,216196.93,234733.355,23473.3355,234.733355,2.34733355
002127.SZ,002127,南极电商,20191216,10.87,11.28,10.73,11.18,10.81,0.37,3.4228,199907.49,222257.593,22225.7593,222.257593,2.22257593
002127.SZ,002127,南极电商,20191217,11.23,11.35,11.07,11.18,11.18,0.0,0.0,156290.27,174848.178,17484.8178,174.84817800000002,1.74848178
002127.SZ,002127,南极电商,20191218,11.18,11.22,10.88,10.98,11.18,-0.2,-1.7889,173303.92,190689.325,19068.932500000003,190.68932500000005,1.90689325
002127.SZ,002127,南极电商,20191219,10.96,11.04,10.84,10.9,10.98,-0.08,-0.7286,110489.34,120635.013,12063.5013,120.635013,1.20635013
002127.SZ,002127,南极电商,20191220,10.91,11.42,10.9,11.4,10.9,0.5,4.5872,317641.46,357959.079,35795.907900000006,357.95907900000003,3.57959079
002127.SZ,002127,南极电商,20191223,11.33,11.53,10.85,10.92,11.4,-0.48,-4.2105,285958.94,319049.602,31904.9602,319.049602,3.19049602
002127.SZ,002127,南极电商,20191224,10.84,10.87,10.38,10.71,10.92,-0.21,-1.9231,236417.3,250555.517,25055.5517,250.555517,2.50555517
002127.SZ,002127,南极电商,20191225,10.72,10.91,10.57,10.66,10.71,-0.05,-0.4669,162054.81,173605.213,17360.5213,173.605213,1.73605213
002127.SZ,002127,南极电商,20191226,10.6,10.84,10.6,10.84,10.66,0.18,1.6886,105814.22,113311.11,11331.111,113.31111,1.1331111
002127.SZ,002127,南极电商,20191227,11.1,11.25,10.72,10.82,10.84,-0.02,-0.1845,230216.24,253738.081,25373.8081,253.738081,2.53738081
002127.SZ,002127,南极电商,20191230,10.55,10.95,10.5,10.91,10.82,0.09,0.8318,180659.72,195005.519,19500.5519,195.005519,1.95005519
002127.SZ,002127,南极电商,20191231,10.83,11.06,10.82,10.91,10.91,0.0,0.0,170005.89,185776.996,18577.6996,185.776996,1.85776996
002127.SZ,002127,南极电商,20200102,11.0,12.0,10.99,12.0,10.91,1.09,9.9908,507251.83,589710.968,58971.0968,589.710968,5.89710968
002127.SZ,002127,南极电商,20200103,12.27,12.68,12.01,12.1,12.0,0.1,0.8333,837982.47,1027803.092,102780.3092,1027.803092,10.27803092
002127.SZ,002127,南极电商,20200106,11.7,12.1,11.53,11.66,12.1,-0.44,-3.6364,381613.12,449949.669,44994.9669,449.949669,4.49949669
002127.SZ,002127,南极电商,20200107,11.75,12.78,11.7,12.5,11.66,0.84,7.2041,523790.79,646458.62,64645.862,646.45862,6.4645862
002127.SZ,002127,南极电商,20200108,12.17,12.5,12.0,12.08,12.5,-0.42,-3.36,339023.17,414096.071,41409.6071,414.096071,4.14096071
002127.SZ,002127,南极电商,20200109,12.1,12.3,11.85,12.08,12.08,0.0,0.0,239646.09,288676.712,28867.6712,288.676712,2.88676712
002127.SZ,002127,南极电商,20200110,12.03,12.15,11.77,11.92,12.08,-0.16,-1.3245,211296.67,251256.264,25125.6264,251.256264,2.51256264
002127.SZ,002127,南极电商,20200113,11.92,12.02,11.58,11.86,11.92,-0.06,-0.5034,268827.37,316957.534,31695.7534,316.95753399999995,3.16957534
002127.SZ,002127,南极电商,20200114,11.95,12.03,11.67,11.69,11.86,-0.17,-1.4334,264525.47,312360.822,31236.0822,312.360822,3.12360822
002127.SZ,002127,南极电商,20200115,11.71,11.79,11.46,11.57,11.69,-0.12,-1.0265,204089.87,236541.837,23654.1837,236.541837,2.36541837
002127.SZ,002127,南极电商,20200116,11.64,11.69,11.24,11.36,11.57,-0.21,-1.815,225261.12,256773.667,25677.3667,256.773667,2.56773667
002127.SZ,002127,南极电商,20200117,11.33,11.49,11.07,11.19,11.36,-0.17,-1.4965,249819.41,280339.229,28033.9229,280.339229,2.80339229
002127.SZ,002127,南极电商,20200120,11.26,11.52,11.02,11.46,11.19,0.27,2.4129,288476.51,326034.862,32603.486200000003,326.03486200000003,3.2603486200000003
002127.SZ,002127,南极电商,20200121,11.49,11.5,11.08,11.1,11.46,-0.36,-3.1414,218007.69,244813.543,24481.3543,244.813543,2.44813543
002127.SZ,002127,南极电商,20200122,11.21,11.21,10.77,11.08,11.1,-0.02,-0.1802,217913.73,239766.203,23976.6203,239.766203,2.39766203
002127.SZ,002127,南极电商,20200123,11.0,11.03,10.1,10.26,11.08,-0.82,-7.4007,475832.2,496515.323,49651.5323,496.515323,4.965153229999999
002127.SZ,002127,南极电商,20200203,9.23,9.8,9.23,9.23,10.26,-1.03,-10.039,319432.14,300222.091,30022.2091,300.222091,3.00222091
002127.SZ,002127,南极电商,20200204,9.12,10.15,9.12,10.03,9.23,0.8,8.6674,316147.01,309500.037,30950.0037,309.500037,3.09500037
002127.SZ,002127,南极电商,20200205,10.05,10.38,9.47,9.67,10.03,-0.36,-3.5892,419381.93,411883.874,41188.3874,411.883874,4.11883874
002127.SZ,002127,南极电商,20200206,9.65,9.97,9.39,9.83,9.67,0.16,1.6546,404833.86,391030.123,39103.0123,391.030123,3.91030123
002127.SZ,002127,南极电商,20200207,9.76,10.15,9.52,10.15,9.83,0.32,3.2553,332629.6,326722.47,32672.247,326.72247,3.2672246999999994
002127.SZ,002127,南极电商,20200210,10.21,10.27,9.95,10.02,10.15,-0.13,-1.2808,275757.63,278097.05,27809.705,278.09705,2.7809705
002127.SZ,002127,南极电商,20200211,10.12,10.25,10.0,10.09,10.02,0.07,0.6986,258406.01,260861.787,26086.1787,260.861787,2.60861787
002127.SZ,002127,南极电商,20200212,10.09,10.37,9.9,10.25,10.09,0.16,1.5857,268864.61,274457.991,27445.7991,274.457991,2.74457991
002127.SZ,002127,南极电商,20200213,10.25,10.39,10.0,10.04,10.25,-0.21,-2.0488,216479.95,219322.663,21932.2663,219.322663,2.19322663
002127.SZ,002127,南极电商,20200214,9.99,10.17,9.95,9.99,10.04,-0.05,-0.498,196742.12,197539.385,19753.9385,197.539385,1.97539385
002127.SZ,002127,南极电商,20200217,9.98,10.24,9.98,10.22,9.99,0.23,2.3023,302050.83,305344.63,30534.463,305.34463,3.0534463
002127.SZ,002127,南极电商,20200218,10.22,10.77,10.13,10.59,10.22,0.37,3.6204,372348.33,389351.719,38935.1719,389.351719,3.89351719
002127.SZ,002127,南极电商,20200219,10.59,11.13,10.5,10.95,10.59,0.36,3.3994,414319.38,449653.126,44965.3126,449.653126,4.49653126
002127.SZ,002127,南极电商,20200220,10.97,11.18,10.8,10.96,10.95,0.01,0.0913,306305.42,335066.226,33506.6226,335.06622600000003,3.3506622600000004
002127.SZ,002127,南极电商,20200221,10.86,11.01,10.75,10.87,10.96,-0.09,-0.8212,228488.56,248074.273,24807.4273,248.074273,2.48074273
002127.SZ,002127,南极电商,20200224,10.81,11.22,10.8,11.1,10.87,0.23,2.1159,288660.16,318820.367,31882.036700000004,318.82036700000003,3.1882036700000005
002127.SZ,002127,南极电商,20200225,10.9,11.06,10.62,10.95,11.1,-0.15,-1.3514,285581.03,309056.228,30905.6228,309.05622800000003,3.0905622800000003
002127.SZ,002127,南极电商,20200226,10.77,10.92,10.5,10.53,10.95,-0.42,-3.8356,256905.61,272901.886,27290.1886,272.901886,2.72901886
002127.SZ,002127,南极电商,20200227,10.58,10.68,10.32,10.42,10.53,-0.11,-1.0446,203264.77,212934.627,21293.4627,212.934627,2.12934627
002127.SZ,002127,南极电商,20200228,10.2,10.22,9.72,9.77,10.42,-0.65,-6.238,263157.17,262638.357,26263.835700000003,262.63835700000004,2.62638357
002127.SZ,002127,南极电商,20200302,9.9,10.43,9.86,10.34,9.77,0.57,5.8342,272472.49,277834.057,27783.4057,277.834057,2.77834057
002127.SZ,002127,南极电商,20200303,10.42,10.51,10.1,10.16,10.34,-0.18,-1.7408,237074.3,244069.077,24406.9077,244.069077,2.44069077
002127.SZ,002127,南极电商,20200304,10.12,10.92,10.02,10.88,10.16,0.72,7.0866,406067.89,425714.417,42571.4417,425.714417,4.25714417
002127.SZ,002127,南极电商,20200305,11.1,11.59,10.87,11.31,10.88,0.43,3.9522,590262.66,658613.039,65861.3039,658.613039,6.586130389999999
002127.SZ,002127,南极电商,20200306,11.7,11.88,11.33,11.46,11.31,0.15,1.3263,512721.79,595200.0,59520.0,595.2,5.952000000000001
002127.SZ,002127,南极电商,20200309,11.13,11.55,11.0,11.33,11.46,-0.13,-1.1344,413393.38,464866.23,46486.623,464.86623,4.6486623
002127.SZ,002127,南极电商,20200310,11.15,11.7,11.15,11.54,11.33,0.21,1.8535,372786.32,428633.293,42863.3293,428.633293,4.28633293
002127.SZ,002127,南极电商,20200311,11.51,11.59,11.09,11.18,11.54,-0.36,-3.1196,263079.45,296818.095,29681.8095,296.818095,2.96818095
002127.SZ,002127,南极电商,20200312,10.95,11.17,10.8,11.07,11.18,-0.11,-0.9839,166164.64,182835.621,18283.562100000003,182.83562100000003,1.8283562100000004
002127.SZ,002127,南极电商,20200313,10.66,10.97,10.49,10.92,11.07,-0.15,-1.355,231198.11,247778.817,24777.8817,247.778817,2.47778817
002127.SZ,002127,南极电商,20200316,10.9,10.95,10.06,10.15,10.92,-0.77,-7.0513,241128.53,251788.347,25178.8347,251.788347,2.51788347
002127.SZ,002127,南极电商,20200317,10.14,10.45,9.8,10.01,10.15,-0.14,-1.3793,203541.1,205409.713,20540.9713,205.409713,2.05409713
002127.SZ,002127,南极电商,20200318,10.12,10.7,9.83,10.21,10.01,0.2,1.998,225461.74,233460.956,23346.0956,233.460956,2.33460956
002127.SZ,002127,南极电商,20200319,10.17,10.52,9.97,10.39,10.21,0.18,1.763,224338.95,230036.64,23003.664,230.03664,2.3003664
002127.SZ,002127,南极电商,20200320,10.52,10.55,10.1,10.4,10.39,0.01,0.0962,167918.96,173125.809,17312.5809,173.125809,1.73125809
002127.SZ,002127,南极电商,20200323,10.04,10.32,9.92,10.2,10.4,-0.2,-1.9231,216569.31,219512.977,21951.297700000003,219.51297700000003,2.1951297700000003
002127.SZ,002127,南极电商,20200324,10.31,10.92,10.31,10.81,10.2,0.61,5.9804,269084.08,286328.126,28632.8126,286.328126,2.86328126
002127.SZ,002127,南极电商,20200325,10.98,11.07,10.72,10.75,10.81,-0.06,-0.555,197977.73,215998.876,21599.8876,215.998876,2.15998876
002127.SZ,002127,南极电商,20200326,10.68,10.94,10.58,10.85,10.75,0.1,0.9302,148774.3,160316.884,16031.6884,160.316884,1.60316884
002127.SZ,002127,南极电商,20200327,11.03,11.47,10.91,11.2,10.85,0.35,3.2258,324276.68,364207.349,36420.7349,364.207349,3.64207349
002127.SZ,002127,南极电商,20200330,11.01,11.6,10.82,11.5,11.2,0.3,2.6786,402897.78,456907.157,45690.7157,456.907157,4.56907157
002127.SZ,002127,南极电商,20200331,11.38,11.78,11.17,11.6,11.5,0.1,0.8696,235973.44,272442.434,27244.2434,272.442434,2.72442434
002127.SZ,002127,南极电商,20200401,11.55,11.82,11.3,11.53,11.6,-0.07,-0.6034,182000.15,209944.446,20994.4446,209.944446,2.09944446
002127.SZ,002127,南极电商,20200402,11.5,11.6,11.26,11.58,11.53,0.05,0.4337,161558.93,185335.595,18533.5595,185.335595,1.85335595
002127.SZ,002127,南极电商,20200403,11.6,11.6,11.13,11.27,11.58,-0.31,-2.677,173667.27,196270.261,19627.0261,196.270261,1.96270261
002127.SZ,002127,南极电商,20200407,11.43,12.09,11.42,11.98,11.27,0.71,6.2999,327577.59,387048.574,38704.8574,387.048574,3.87048574
002127.SZ,002127,南极电商,20200408,11.9,11.93,11.55,11.62,11.98,-0.36,-3.005,184598.74,215253.412,21525.341200000003,215.25341200000005,2.1525341200000003
002127.SZ,002127,南极电商,20200409,11.73,11.95,11.59,11.7,11.62,0.08,0.6885,181692.57,213206.967,21320.6967,213.206967,2.13206967
002127.SZ,002127,南极电商,20200410,11.8,11.85,11.23,11.3,11.7,-0.4,-3.4188,129194.8,148170.908,14817.0908,148.170908,1.48170908
002127.SZ,002127,南极电商,20200413,11.19,11.88,11.17,11.68,11.3,0.38,3.3628,156859.05,182418.032,18241.8032,182.418032,1.82418032
002127.SZ,002127,南极电商,20200414,11.7,12.06,11.63,12.0,11.68,0.32,2.7397,145808.76,173628.494,17362.8494,173.628494,1.73628494
002127.SZ,002127,南极电商,20200415,12.0,12.23,11.71,11.88,12.0,-0.12,-1.0,179261.94,213795.115,21379.5115,213.795115,2.13795115
002127.SZ,002127,南极电商,20200416,12.01,13.07,12.01,13.07,11.88,1.19,10.0168,584259.92,747622.657,74762.2657,747.622657,7.47622657
002127.SZ,002127,南极电商,20200417,13.5,14.3,13.28,13.87,13.07,0.8,6.1209,667016.83,917965.64,91796.564,917.96564,9.1796564
002127.SZ,002127,南极电商,20200420,13.81,14.28,13.63,14.16,13.87,0.29,2.0908,408737.65,572909.162,57290.9162,572.909162,5.72909162
002127.SZ,002127,南极电商,20200421,14.06,14.18,13.81,14.1,14.16,-0.06,-0.4237,309015.42,433158.579,43315.8579,433.158579,4.33158579
002127.SZ,002127,南极电商,20200422,13.92,14.61,13.85,14.4,14.1,0.3,2.1277,422675.39,605847.717,60584.7717,605.847717,6.05847717
002127.SZ,002127,南极电商,20200423,14.48,14.58,14.03,14.4,14.4,0.0,0.0,252880.38,362316.662,36231.6662,362.316662,3.62316662
002127.SZ,002127,南极电商,20200424,14.38,14.38,13.95,14.1,14.4,-0.3,-2.0833,264712.29,373174.492,37317.4492,373.174492,3.731744920000001
002127.SZ,002127,南极电商,20200427,14.15,14.5,13.85,14.15,14.1,0.05,0.3546,285413.42,404680.808,40468.0808,404.680808,4.04680808
002127.SZ,002127,南极电商,20200428,14.22,14.75,13.86,14.27,14.15,0.12,0.8481,322714.87,461925.122,46192.5122,461.925122,4.61925122
002127.SZ,002127,南极电商,20200429,14.09,15.69,14.03,15.18,14.27,0.91,6.377,403344.28,611766.126,61176.61260000001,611.7661260000001,6.117661260000001
002127.SZ,002127,南极电商,20200430,14.73,14.84,13.66,13.66,15.18,-1.52,-10.0132,556869.35,776453.033,77645.3033,776.453033,7.76453033
002127.SZ,002127,南极电商,20200506,13.8,14.55,13.45,14.15,13.66,0.49,3.5871,589674.27,825782.434,82578.2434,825.7824340000001,8.25782434
002127.SZ,002127,南极电商,20200507,14.2,15.57,14.2,15.57,14.15,1.42,10.0353,416854.45,637440.978,63744.0978,637.4409780000001,6.374409780000001
002127.SZ,002127,南极电商,20200508,15.25,15.76,15.07,15.12,15.57,-0.45,-2.8902,478228.29,734721.528,73472.15280000001,734.7215280000001,7.347215280000001
002127.SZ,002127,南极电商,20200511,15.36,15.62,14.75,15.22,15.12,0.1,0.6614,397887.82,605132.984,60513.29840000001,605.1329840000001,6.051329840000001
002127.SZ,002127,南极电商,20200512,15.16,15.9,14.94,15.53,15.22,0.31,2.0368,411461.72,638347.351,63834.735100000005,638.347351,6.38347351
002127.SZ,002127,南极电商,20200513,15.6,16.12,15.38,16.01,15.53,0.48,3.0908,389914.99,613628.988,61362.8988,613.628988,6.1362898800000005
002127.SZ,002127,南极电商,20200514,15.6,16.27,15.41,15.91,16.01,-0.1,-0.6246,266265.87,423805.229,42380.5229,423.805229,4.23805229
002127.SZ,002127,南极电商,20200515,16.1,17.08,16.08,16.67,15.91,0.76,4.7769,409236.8,680502.396,68050.2396,680.502396,6.80502396
002127.SZ,002127,南极电商,20200518,16.99,17.33,16.36,16.59,16.67,-0.08,-0.4799,393783.89,662311.517,66231.1517,662.311517,6.62311517
002127.SZ,002127,南极电商,20200519,16.8,17.67,16.48,17.39,16.59,0.8,4.8222,317258.36,541093.581,54109.3581,541.093581,5.41093581
002127.SZ,002127,南极电商,20200520,17.25,17.76,16.85,17.02,17.39,-0.37,-2.1277,281240.72,484790.308,48479.0308,484.790308,4.84790308
002127.SZ,002127,南极电商,20200521,17.13,18.32,17.03,17.79,17.02,0.77,4.5241,309259.09,548162.143,54816.21430000001,548.162143,5.481621430000001
002127.SZ,002127,南极电商,20200522,17.66,19.1,17.62,18.24,17.79,0.45,2.5295,424001.84,773230.181,77323.0181,773.230181,7.73230181
002127.SZ,002127,南极电商,20200525,18.2,19.5,18.1,19.5,18.24,1.26,6.9079,436437.73,817669.071,81766.9071,817.6690709999999,8.176690709999999
002127.SZ,002127,南极电商,20200526,19.6,20.07,18.76,19.8,19.5,0.3,1.5385,393270.11,765380.997,76538.09969999999,765.3809969999999,7.653809969999998
002127.SZ,002127,南极电商,20200527,19.6,19.7,18.88,19.17,19.8,-0.63,-3.1818,378939.31,728606.252,72860.6252,728.6062519999999,7.286062519999999
002127.SZ,002127,南极电商,20200528,18.78,19.07,17.82,18.35,19.17,-0.82,-4.2775,550359.61,1008653.727,100865.3727,1008.653727,10.08653727
002127.SZ,002127,南极电商,20200529,18.18,19.02,17.91,18.85,18.35,0.5,2.7248,459764.68,856048.637,85604.8637,856.048637,8.56048637
002127.SZ,002127,南极电商,20200601,18.9,20.07,18.8,19.65,18.85,0.8,4.244,425744.48,831246.402,83124.6402,831.246402,8.31246402
002127.SZ,002127,南极电商,20200602,19.48,19.89,18.56,18.99,19.65,-0.66,-3.3588,341115.32,653771.416,65377.1416,653.7714159999999,6.537714159999999
002127.SZ,002127,南极电商,20200603,18.88,19.23,18.4,18.81,18.99,-0.18,-0.9479,274244.66,516406.232,51640.6232,516.406232,5.16406232
002127.SZ,002127,南极电商,20200604,18.84,18.98,18.15,18.62,18.81,-0.19,-1.0101,275707.89,510864.503,51086.4503,510.864503,5.10864503
002127.SZ,002127,南极电商,20200605,18.6,19.08,18.37,18.58,18.5,0.08,0.4324,238536.84,445065.631,44506.5631,445.065631,4.45065631
002127.SZ,002127,南极电商,20200608,18.77,18.9,18.18,18.28,18.58,-0.3,-1.6146,197913.04,363181.964,36318.1964,363.181964,3.63181964
002127.SZ,002127,南极电商,20200609,18.46,19.43,18.45,19.12,18.28,0.84,4.5952,303266.54,575051.815,57505.18149999999,575.0518149999999,5.75051815
002127.SZ,002127,南极电商,20200610,18.88,19.43,18.82,19.17,19.12,0.05,0.2615,181156.07,345611.631,34561.1631,345.611631,3.45611631
002127.SZ,002127,南极电商,20200611,19.1,19.7,18.83,19.06,19.17,-0.11,-0.5738,207471.26,398610.145,39861.014500000005,398.6101450000001,3.986101450000001
002127.SZ,002127,南极电商,20200612,18.6,20.5,18.55,20.15,19.06,1.09,5.7188,339102.77,671716.925,67171.6925,671.7169250000001,6.71716925
002127.SZ,002127,南极电商,20200615,20.0,20.58,19.6,19.75,20.15,-0.4,-1.9851,349638.92,700078.005,70007.8005,700.078005,7.00078005
002127.SZ,002127,南极电商,20200616,19.86,21.11,19.52,21.0,19.75,1.25,6.3291,233496.47,474609.245,47460.9245,474.609245,4.74609245
002127.SZ,002127,南极电商,20200617,21.21,21.4,20.15,20.77,21.0,-0.23,-1.0952,226505.95,465684.411,46568.4411,465.684411,4.65684411
002127.SZ,002127,南极电商,20200618,21.14,21.14,19.01,20.0,20.77,-0.77,-3.7073,367970.99,730571.158,73057.1158,730.571158,7.30571158
002127.SZ,002127,南极电商,20200619,19.82,21.48,19.82,21.15,20.0,1.15,5.75,282374.93,587286.904,58728.6904,587.286904,5.87286904
002127.SZ,002127,南极电商,20200622,20.81,21.65,20.32,21.34,21.15,0.19,0.8983,310662.11,648567.383,64856.738300000005,648.5673830000001,6.4856738300000005
002127.SZ,002127,南极电商,20200623,21.22,21.67,20.81,21.39,21.34,0.05,0.2343,190545.11,403657.694,40365.769400000005,403.6576940000001,4.036576940000001
002127.SZ,002127,南极电商,20200624,21.44,22.66,21.39,22.6,21.39,1.21,5.6568,241664.6,535599.815,53559.9815,535.5998149999999,5.35599815
002127.SZ,002127,南极电商,20200629,22.48,22.48,20.63,21.07,22.6,-1.53,-6.7699,319392.7,679417.648,67941.7648,679.4176480000001,6.794176480000001
002127.SZ,002127,南极电商,20200630,21.01,21.59,20.7,21.17,21.07,0.1,0.4746,223024.41,472152.963,47215.2963,472.152963,4.72152963
002127.SZ,002127,南极电商,20200701,21.05,21.45,20.82,21.22,21.17,0.05,0.2362,164735.69,347395.447,34739.5447,347.395447,3.47395447
002127.SZ,002127,南极电商,20200702,21.0,22.3,20.93,21.77,21.22,0.55,2.5919,230919.41,504582.481,50458.2481,504.582481,5.04582481
002127.SZ,002127,南极电商,20200703,21.67,22.77,21.4,21.86,21.77,0.09,0.4134,222550.29,491346.563,49134.6563,491.346563,4.91346563
002127.SZ,002127,南极电商,20200706,21.8,22.48,21.41,22.11,21.86,0.25,1.1436,227804.18,500374.028,50037.4028,500.374028,5.00374028
002127.SZ,002127,南极电商,20200707,21.89,24.09,21.6,23.52,22.11,1.41,6.3772,228908.15,526552.092,52655.2092,526.552092,5.26552092
002127.SZ,002127,南极电商,20200708,23.52,23.92,23.02,23.68,23.52,0.16,0.6803,199283.67,470029.569,47002.956900000005,470.029569,4.700295690000001
002127.SZ,002127,南极电商,20200709,23.68,24.35,23.15,23.75,23.68,0.07,0.2956,214972.24,510855.581,51085.5581,510.855581,5.10855581
002127.SZ,002127,南极电商,20200710,23.69,24.41,23.4,23.81,23.75,0.06,0.2526,143818.81,341887.309,34188.7309,341.887309,3.41887309
002127.SZ,002127,南极电商,20200713,23.6,24.0,22.85,23.48,23.81,-0.33,-1.386,287844.52,670286.358,67028.6358,670.2863580000001,6.702863580000001
002127.SZ,002127,南极电商,20200714,23.48,23.69,22.82,23.49,23.48,0.01,0.0426,243373.67,567810.371,56781.0371,567.810371,5.67810371
002127.SZ,002127,南极电商,20200715,23.52,23.8,22.0,22.34,23.49,-1.15,-4.8957,294556.45,667016.061,66701.6061,667.016061,6.67016061
002127.SZ,002127,南极电商,20200716,22.3,23.39,21.2,21.56,22.34,-0.78,-3.4915,253382.32,565243.786,56524.3786,565.243786,5.65243786
002127.SZ,002127,南极电商,20200717,21.26,22.22,20.63,21.24,21.56,-0.32,-1.4842,270460.73,578781.876,57878.187600000005,578.781876,5.78781876
002127.SZ,002127,南极电商,20200720,21.55,22.17,20.0,21.17,21.24,-0.07,-0.3296,414597.51,861758.989,86175.8989,861.758989,8.61758989
002127.SZ,002127,南极电商,20200721,21.1,21.17,20.4,20.97,21.17,-0.2,-0.9447,320618.18,665835.622,66583.5622,665.8356220000001,6.658356220000001
002127.SZ,002127,南极电商,20200722,20.96,21.48,20.3,20.54,20.97,-0.43,-2.0505,398038.86,825927.224,82592.7224,825.927224,8.25927224
002127.SZ,002127,南极电商,20200723,20.48,20.89,19.88,20.57,20.54,0.03,0.1461,484580.31,983555.608,98355.5608,983.555608,9.835556080000002
002127.SZ,002127,南极电商,20200724,20.36,20.45,18.91,19.13,20.57,-1.44,-7.0005,526837.71,1023753.761,102375.3761,1023.753761,10.23753761
002127.SZ,002127,南极电商,20200727,19.2,19.25,18.52,18.73,19.13,-0.4,-2.091,325778.59,614719.756,61471.975600000005,614.7197560000001,6.14719756
002127.SZ,002127,南极电商,20200728,19.24,19.98,18.68,19.31,18.73,0.58,3.0966,368605.99,713169.713,71316.9713,713.169713,7.13169713
002127.SZ,002127,南极电商,20200729,19.5,20.55,19.26,20.22,19.31,0.91,4.7126,288991.55,582243.465,58224.3465,582.243465,5.82243465
002127.SZ,002127,南极电商,20200730,20.32,20.5,19.04,19.27,20.22,-0.95,-4.6983,385178.43,747716.81,74771.68100000001,747.7168100000001,7.477168100000001
002127.SZ,002127,南极电商,20200731,19.0,20.11,19.0,19.59,19.27,0.32,1.6606,286918.22,561794.379,56179.4379,561.7943789999999,5.617943789999999
002127.SZ,002127,南极电商,20200803,19.97,20.0,19.43,19.68,19.59,0.09,0.4594,229278.05,450122.03,45012.203,450.12203,4.5012203
002127.SZ,002127,南极电商,20200804,19.59,19.77,18.9,19.2,19.68,-0.48,-2.439,331733.07,636780.621,63678.0621,636.780621,6.36780621
002127.SZ,002127,南极电商,20200805,19.3,19.73,19.1,19.35,19.2,0.15,0.7813,313194.27,605906.865,60590.6865,605.9068649999999,6.05906865
002127.SZ,002127,南极电商,20200806,19.53,19.63,18.8,19.16,19.35,-0.19,-0.9819,154265.87,294957.86,29495.786,294.95786,2.9495786
002127.SZ,002127,南极电商,20200807,19.18,19.53,18.5,18.91,19.16,-0.25,-1.3048,205149.68,389239.151,38923.9151,389.239151,3.89239151
002127.SZ,002127,南极电商,20200810,18.91,18.94,18.5,18.74,18.91,-0.17,-0.899,221282.28,414237.445,41423.7445,414.237445,4.14237445
002127.SZ,002127,南极电商,20200811,18.94,19.05,18.25,18.4,18.74,-0.34,-1.8143,321855.91,600927.915,60092.79150000001,600.9279150000001,6.009279150000001
002127.SZ,002127,南极电商,20200812,18.41,18.55,17.6,18.28,18.4,-0.12,-0.6522,318651.11,576368.613,57636.8613,576.3686130000001,5.763686130000001
002127.SZ,002127,南极电商,20200813,18.42,19.27,18.05,18.94,18.28,0.66,3.6105,343318.62,644135.531,64413.5531,644.135531,6.4413553100000005
002127.SZ,002127,南极电商,20200814,18.76,20.22,18.75,19.62,18.94,0.68,3.5903,442957.86,874916.756,87491.6756,874.9167560000001,8.74916756
002127.SZ,002127,南极电商,20200817,19.6,19.75,18.61,18.93,19.62,-0.69,-3.5168,427724.99,809045.294,80904.5294,809.045294,8.09045294
002127.SZ,002127,南极电商,20200818,18.84,20.27,18.68,20.0,18.93,1.07,5.6524,433073.25,855652.508,85565.25080000001,855.6525080000001,8.556525080000002
002127.SZ,002127,南极电商,20200819,20.0,21.05,19.69,20.21,20.0,0.21,1.05,440855.16,897580.727,89758.07269999999,897.5807269999999,8.975807269999999
002127.SZ,002127,南极电商,20200820,20.18,20.75,19.81,20.38,20.21,0.17,0.8412,298794.81,606063.551,60606.3551,606.063551,6.06063551
002127.SZ,002127,南极电商,20200821,20.35,21.08,20.2,21.01,20.38,0.63,3.0913,286694.67,593976.363,59397.6363,593.976363,5.93976363
002127.SZ,002127,南极电商,20200824,20.48,20.48,18.91,19.09,21.01,-1.92,-9.1385,612580.6,1167353.199,116735.3199,1167.353199,11.67353199
002127.SZ,002127,南极电商,20200825,19.12,19.7,18.75,19.13,19.09,0.04,0.2095,250458.13,481569.513,48156.9513,481.569513,4.81569513
002127.SZ,002127,南极电商,20200826,19.03,19.37,18.16,18.51,19.13,-0.62,-3.241,298687.56,557760.464,55776.04640000001,557.7604640000001,5.577604640000001
002127.SZ,002127,南极电商,20200827,18.61,18.82,18.2,18.77,18.51,0.26,1.4046,204179.64,378953.711,37895.3711,378.95371100000006,3.78953711
002127.SZ,002127,南极电商,20200828,18.61,18.98,17.87,18.15,18.77,-0.62,-3.3031,443369.06,805769.538,80576.95379999999,805.7695379999999,8.057695379999998
002127.SZ,002127,南极电商,20200831,18.29,19.07,17.65,18.53,18.15,0.38,2.0937,525367.04,971099.292,97109.9292,971.099292,9.71099292
002127.SZ,002127,南极电商,20200901,18.35,18.37,17.41,17.8,18.53,-0.73,-3.9396,544355.76,963074.772,96307.4772,963.074772,9.63074772
002127.SZ,002127,南极电商,20200902,17.79,18.83,17.55,18.55,17.8,0.75,4.2135,350948.76,644679.169,64467.9169,644.679169,6.44679169
002127.SZ,002127,南极电商,20200903,18.7,19.35,18.33,18.82,18.55,0.27,1.4555,299024.6,563207.541,56320.7541,563.207541,5.63207541
002127.SZ,002127,南极电商,20200904,18.61,19.75,18.53,19.42,18.82,0.6,3.1881,338877.33,654236.102,65423.6102,654.236102,6.54236102
002127.SZ,002127,南极电商,20200907,19.59,19.65,18.55,18.75,19.42,-0.67,-3.4501,302527.15,573817.215,57381.7215,573.817215,5.7381721500000005
002127.SZ,002127,南极电商,20200908,18.8,19.13,18.24,18.37,18.75,-0.38,-2.0267,196201.43,364948.734,36494.8734,364.948734,3.64948734
002127.SZ,002127,南极电商,20200909,18.4,18.41,17.23,17.47,18.37,-0.9,-4.8993,384487.79,677631.567,67763.1567,677.631567,6.77631567
002127.SZ,002127,南极电商,20200910,17.46,18.88,17.31,18.46,17.47,0.99,5.6669,390783.62,721595.562,72159.5562,721.5955620000001,7.215955620000001
002127.SZ,002127,南极电商,20200911,18.68,18.85,18.23,18.6,18.46,0.14,0.7584,186335.68,344906.047,34490.6047,344.90604700000006,3.4490604700000005
002127.SZ,002127,南极电商,20200914,18.41,18.6,17.95,18.57,18.6,-0.03,-0.1613,258846.46,473921.702,47392.1702,473.921702,4.73921702
002127.SZ,002127,南极电商,20200915,18.47,19.45,18.13,18.76,18.57,0.19,1.0232,230632.24,429246.66,42924.666,429.24666,4.2924666
002127.SZ,002127,南极电商,20200916,18.59,19.43,18.53,19.17,18.76,0.41,2.1855,229931.81,438849.557,43884.9557,438.849557,4.38849557
002127.SZ,002127,南极电商,20200917,19.03,19.09,18.35,18.84,19.17,-0.33,-1.7214,181576.17,340041.534,34004.1534,340.041534,3.4004153399999995
002127.SZ,002127,南极电商,20200918,18.92,19.18,18.42,18.79,18.84,-0.05,-0.2654,165884.89,309816.874,30981.687400000003,309.81687400000004,3.09816874
002127.SZ,002127,南极电商,20200921,18.7,18.87,18.03,18.12,18.79,-0.67,-3.5657,261409.0,478247.261,47824.7261,478.247261,4.78247261
002127.SZ,002127,南极电商,20200922,18.0,18.28,17.67,17.75,18.12,-0.37,-2.0419,204524.77,365929.412,36592.9412,365.929412,3.65929412
002127.SZ,002127,南极电商,20200923,17.94,18.53,17.62,18.46,17.75,0.71,4.0,202638.77,368821.062,36882.1062,368.8210619999999,3.688210619999999
002127.SZ,002127,南极电商,20200924,18.46,18.71,17.7,17.91,18.46,-0.55,-2.9794,229980.33,414198.405,41419.840500000006,414.198405,4.1419840500000005
002127.SZ,002127,南极电商,20200925,17.86,18.18,17.81,18.06,17.91,0.15,0.8375,132885.16,240061.673,24006.1673,240.061673,2.4006167300000003
002127.SZ,002127,南极电商,20200928,18.15,18.44,17.75,18.0,18.06,-0.06,-0.3322,202551.05,363912.153,36391.2153,363.912153,3.63912153
002127.SZ,002127,南极电商,20200929,17.99,18.26,17.41,17.45,18.0,-0.55,-3.0556,265335.69,469348.723,46934.8723,469.348723,4.69348723
002127.SZ,002127,南极电商,20200930,17.58,17.78,17.03,17.26,17.45,-0.19,-1.0888,314250.43,545608.337,54560.8337,545.608337,5.45608337
002127.SZ,002127,南极电商,20201009,17.8,18.99,17.77,18.99,17.26,1.73,10.0232,259121.57,485610.844,48561.0844,485.610844,4.85610844
002127.SZ,002127,南极电商,20201012,19.0,20.75,18.99,20.6,18.99,1.61,8.4781,722789.45,1468748.659,146874.8659,1468.748659,14.68748659
002127.SZ,002127,南极电商,20201013,20.5,20.75,20.12,20.6,20.6,0.0,0.0,203104.69,416323.921,41632.3921,416.323921,4.16323921
002127.SZ,002127,南极电商,20201014,21.0,21.0,19.8,20.25,20.6,-0.35,-1.699,341648.67,691282.141,69128.2141,691.282141,6.91282141
002127.SZ,002127,南极电商,20201015,20.26,20.43,19.66,19.67,20.25,-0.58,-2.8642,227318.64,452173.807,45217.3807,452.173807,4.52173807
002127.SZ,002127,南极电商,20201016,19.97,20.0,19.03,19.31,19.67,-0.36,-1.8302,265712.55,516241.049,51624.1049,516.241049,5.16241049
002127.SZ,002127,南极电商,20201019,19.58,19.95,19.1,19.36,19.31,0.05,0.2589,221045.61,431230.368,43123.0368,431.230368,4.31230368
002127.SZ,002127,南极电商,20201020,19.37,20.48,19.06,20.35,19.36,0.99,5.1136,357727.17,712932.783,71293.2783,712.9327830000001,7.129327830000001
002127.SZ,002127,南极电商,20201021,20.09,20.62,19.66,20.13,20.35,-0.22,-1.0811,233922.08,469422.91,46942.291,469.42291,4.6942291
002127.SZ,002127,南极电商,20201022,20.09,20.35,19.63,20.2,20.13,0.07,0.3477,242584.82,486186.761,48618.6761,486.186761,4.86186761
002127.SZ,002127,南极电商,20201023,20.18,20.78,19.15,19.31,20.2,-0.89,-4.4059,459705.78,901370.382,90137.0382,901.370382,9.01370382
002127.SZ,002127,南极电商,20201026,19.45,19.64,18.49,19.62,19.31,0.31,1.6054,243745.9,468874.908,46887.4908,468.874908,4.68874908
002127.SZ,002127,南极电商,20201027,19.55,19.63,18.72,18.76,19.62,-0.86,-4.3833,309588.13,588895.522,58889.5522,588.895522,5.888955220000001
002127.SZ,002127,南极电商,20201028,18.69,18.94,17.73,18.59,18.76,-0.17,-0.9062,328009.21,602812.615,60281.2615,602.812615,6.02812615
002127.SZ,002127,南极电商,20201029,18.35,18.95,18.12,18.81,18.59,0.22,1.1834,180407.18,336506.54,33650.653999999995,336.50654,3.3650654
002127.SZ,002127,南极电商,20201030,18.91,19.0,18.23,18.44,18.81,-0.37,-1.967,203980.95,378583.789,37858.3789,378.583789,3.78583789
002127.SZ,002127,南极电商,20201102,18.29,18.6,18.07,18.22,18.44,-0.22,-1.1931,212124.74,388325.286,38832.528600000005,388.32528600000006,3.8832528600000007
002127.SZ,002127,南极电商,20201103,18.4,18.8,18.2,18.29,18.22,0.07,0.3842,166273.36,305839.21,30583.921,305.83921000000004,3.0583921000000003
002127.SZ,002127,南极电商,20201104,18.16,18.2,17.72,18.01,18.29,-0.28,-1.5309,215304.5,386462.559,38646.2559,386.46255900000006,3.8646255900000006
002127.SZ,002127,南极电商,20201105,18.01,18.3,17.51,17.98,18.01,-0.03,-0.1666,287225.56,513594.351,51359.4351,513.5943510000001,5.135943510000001
002127.SZ,002127,南极电商,20201106,17.95,18.58,17.86,18.37,17.98,0.39,2.1691,263321.76,479682.324,47968.2324,479.682324,4.79682324
002127.SZ,002127,南极电商,20201109,18.46,18.95,18.1,18.81,18.37,0.44,2.3952,270131.98,503725.601,50372.5601,503.725601,5.03725601
002127.SZ,002127,南极电商,20201110,18.8,18.81,17.52,18.06,18.81,-0.75,-3.9872,404926.69,723159.461,72315.9461,723.159461,7.231594609999999
002127.SZ,002127,南极电商,20201111,17.88,19.41,17.8,18.39,18.06,0.33,1.8272,401978.42,752121.341,75212.1341,752.1213409999999,7.521213409999999
002127.SZ,002127,南极电商,20201112,18.39,18.39,17.35,17.56,18.39,-0.83,-4.5133,395822.67,698537.675,69853.7675,698.537675,6.98537675
002127.SZ,002127,南极电商,20201113,17.69,17.77,17.35,17.62,17.56,0.06,0.3417,145326.1,255228.736,25522.8736,255.228736,2.55228736
002127.SZ,002127,南极电商,20201116,17.63,17.81,17.08,17.16,17.62,-0.46,-2.6107,273652.6,474419.444,47441.9444,474.419444,4.74419444
002127.SZ,002127,南极电商,20201117,17.26,17.57,17.14,17.34,17.16,0.18,1.049,217540.72,377243.055,37724.3055,377.243055,3.77243055
002127.SZ,002127,南极电商,20201118,17.32,17.65,17.25,17.32,17.34,-0.02,-0.1153,125303.32,218490.329,21849.0329,218.490329,2.18490329
002127.SZ,002127,南极电商,20201119,17.3,17.59,16.8,17.46,17.32,0.14,0.8083,184394.21,318926.515,31892.6515,318.926515,3.18926515
002127.SZ,002127,南极电商,20201120,17.17,17.6,16.81,16.9,17.46,-0.56,-3.2073,224337.74,383286.448,38328.6448,383.286448,3.83286448
002127.SZ,002127,南极电商,20201123,16.84,17.85,16.56,17.66,16.9,0.76,4.497,412251.3,718417.088,71841.7088,718.4170879999999,7.184170879999999
002127.SZ,002127,南极电商,20201124,17.63,17.73,17.25,17.44,17.66,-0.22,-1.2458,235990.8,410506.769,41050.6769,410.506769,4.105067689999999
002127.SZ,002127,南极电商,20201125,17.44,17.63,16.91,17.04,17.44,-0.4,-2.2936,182933.26,313984.671,31398.4671,313.984671,3.13984671
002127.SZ,002127,南极电商,20201126,16.98,17.24,16.61,17.16,17.04,0.12,0.7042,166800.93,282573.124,28257.312400000003,282.573124,2.82573124
002127.SZ,002127,南极电商,20201127,17.04,17.62,16.95,17.26,17.16,0.1,0.5828,160417.96,277297.799,27729.7799,277.297799,2.77297799
002127.SZ,002127,南极电商,20201130,17.3,17.3,16.11,16.59,17.26,-0.67,-3.8818,441236.49,725836.679,72583.6679,725.836679,7.25836679
002127.SZ,002127,南极电商,20201201,16.3,16.58,16.14,16.4,16.59,-0.19,-1.1453,275922.37,451229.848,45122.9848,451.229848,4.51229848
002127.SZ,002127,南极电商,20201202,16.35,16.57,16.16,16.19,16.4,-0.21,-1.2805,259806.69,423051.377,42305.1377,423.051377,4.23051377
002127.SZ,002127,南极电商,20201203,16.25,17.35,16.17,16.93,16.19,0.74,4.5707,476737.03,802159.712,80215.9712,802.159712,8.021597120000001
002127.SZ,002127,南极电商,20201204,17.08,17.14,16.7,16.8,16.93,-0.13,-0.7679,156728.78,263422.624,26342.2624,263.422624,2.63422624
002127.SZ,002127,南极电商,20201207,16.95,16.95,16.17,16.18,16.8,-0.62,-3.6905,306809.08,502965.293,50296.5293,502.965293,5.02965293
002127.SZ,002127,南极电商,20201208,16.24,16.28,15.66,15.72,16.18,-0.46,-2.843,337965.0,536636.579,53663.657900000006,536.6365790000001,5.366365790000001
002127.SZ,002127,南极电商,20201209,15.75,16.05,15.11,15.7,15.72,-0.02,-0.1272,534940.97,831569.034,83156.9034,831.569034,8.31569034
002127.SZ,002127,南极电商,20201210,15.61,15.95,15.47,15.74,15.7,0.04,0.2548,212013.23,333044.863,33304.486300000004,333.044863,3.33044863
002127.SZ,002127,南极电商,20201211,15.69,15.75,15.18,15.64,15.74,-0.1,-0.6353,315085.64,486505.209,48650.5209,486.505209,4.86505209
002127.SZ,002127,南极电商,20201214,15.46,15.56,14.85,15.52,15.64,-0.12,-0.7673,198628.19,304250.154,30425.0154,304.25015399999995,3.0425015399999995
002127.SZ,002127,南极电商,20201215,15.4,15.73,15.29,15.38,15.52,-0.14,-0.9021,148940.28,230049.909,23004.9909,230.049909,2.30049909
002127.SZ,002127,南极电商,20201216,15.38,15.4,14.91,14.96,15.38,-0.42,-2.7308,274343.78,414010.637,41401.0637,414.010637,4.14010637
002127.SZ,002127,南极电商,20201217,15.0,15.52,14.55,14.92,14.96,-0.04,-0.2674,297922.16,444057.532,44405.7532,444.057532,4.44057532
002127.SZ,002127,南极电商,20201218,14.93,14.99,14.45,14.49,14.92,-0.43,-2.882,313281.92,458011.938,45801.1938,458.011938,4.58011938
002127.SZ,002127,南极电商,20201221,14.6,14.94,14.49,14.71,14.49,0.22,1.5183,273596.29,403361.945,40336.1945,403.361945,4.03361945
002127.SZ,002127,南极电商,20201222,14.7,15.33,14.69,14.78,14.71,0.07,0.4759,299091.61,447806.909,44780.6909,447.806909,4.47806909
002127.SZ,002127,南极电商,20201223,14.73,15.73,14.59,15.57,14.78,0.79,5.3451,439411.78,674458.241,67445.8241,674.4582409999999,6.74458241
002127.SZ,002127,南极电商,20201224,15.39,15.52,15.13,15.37,15.57,-0.2,-1.2845,183215.14,279616.733,27961.6733,279.616733,2.7961673300000003
002127.SZ,002127,南极电商,20201225,15.15,15.36,14.43,14.43,15.37,-0.94,-6.1158,254480.45,377015.463,37701.5463,377.015463,3.77015463
002127.SZ,002127,南极电商,20201228,14.58,14.62,13.9,13.99,14.43,-0.44,-3.0492,442681.49,629306.217,62930.6217,629.306217,6.29306217
002127.SZ,002127,南极电商,20201229,14.2,14.27,13.8,13.83,13.99,-0.16,-1.1437,280891.55,392533.562,39253.3562,392.533562,3.92533562
002127.SZ,002127,南极电商,20201230,13.9,14.05,13.3,13.66,13.83,-0.17,-1.2292,391745.1,535362.046,53536.2046,535.362046,5.353620459999999
002127.SZ,002127,南极电商,20201231,13.68,13.75,13.5,13.68,13.66,0.02,0.1464,301167.53,409740.217,40974.0217,409.740217,4.09740217
002127.SZ,002127,南极电商,20210104,13.61,13.62,12.31,12.31,13.68,-1.37,-10.0146,705648.61,884971.458,88497.1458,884.971458,8.84971458
002127.SZ,002127,南极电商,20210105,11.68,11.68,11.08,11.09,12.31,-1.22,-9.9106,1008979.3,1125764.625,112576.4625,1125.764625,11.25764625
002127.SZ,002127,南极电商,20210106,11.31,11.49,10.01,10.37,11.09,-0.72,-6.4923,2562139.29,2714868.946,271486.8946,2714.868946,27.14868946
002127.SZ,002127,南极电商,20210107,10.37,10.63,10.09,10.16,10.37,-0.21,-2.0251,1787274.19,1843883.816,184388.3816,1843.8838160000005,18.438838160000003
002127.SZ,002127,南极电商,20210108,10.31,10.4,10.0,10.16,10.16,0.0,0.0,1284850.93,1310048.991,131004.8991,1310.048991,13.10048991
002127.SZ,002127,南极电商,20210111,10.36,10.65,10.17,10.26,10.16,0.1,0.9843,1635700.1,1695074.021,169507.4021,1695.074021,16.950740210000003
002127.SZ,002127,南极电商,20210112,10.16,10.17,9.23,9.23,10.26,-1.03,-10.039,1776344.59,1649093.716,164909.3716,1649.093716,16.49093716
002127.SZ,002127,南极电商,20210113,9.48,10.0,9.32,9.44,9.23,0.21,2.2752,1938792.93,1863323.437,186332.3437,1863.323437,18.63323437
002127.SZ,002127,南极电商,20210114,9.31,10.38,8.91,10.21,9.44,0.77,8.1568,2035544.92,1959981.023,195998.1023,1959.981023,19.59981023
002127.SZ,002127,南极电商,20210115,10.2,11.0,10.01,10.48,10.21,0.27,2.6445,1846085.75,1943433.83,194343.383,1943.43383,19.4343383
002127.SZ,002127,南极电商,20210118,10.11,10.63,9.62,9.74,10.48,-0.74,-7.0611,1800099.1,1783397.381,178339.73810000002,1783.3973810000002,17.833973810000003
002127.SZ,002127,南极电商,20210119,9.73,9.93,9.44,9.51,9.74,-0.23,-2.3614,1214327.91,1174664.405,117466.4405,1174.664405,11.74664405
002127.SZ,002127,南极电商,20210120,9.6,9.84,9.55,9.63,9.51,0.12,1.2618,933450.88,903688.171,90368.8171,903.688171,9.03688171
002127.SZ,002127,南极电商,20210121,9.63,9.68,9.23,9.52,9.63,-0.11,-1.1423,1011915.33,960017.423,96001.7423,960.017423,9.60017423
002127.SZ,002127,南极电商,20210122,9.53,9.56,9.21,9.53,9.52,0.01,0.105,875477.22,821983.817,82198.3817,821.9838169999999,8.21983817
002127.SZ,002127,南极电商,20210125,9.48,9.48,9.19,9.2,9.53,-0.33,-3.4627,886654.34,822390.228,82239.0228,822.3902280000001,8.22390228
002127.SZ,002127,南极电商,20210126,9.07,9.18,8.65,8.66,9.2,-0.54,-5.8696,1148597.26,1017405.093,101740.5093,1017.405093,10.17405093
002127.SZ,002127,南极电商,20210127,8.82,9.53,8.79,9.53,8.66,0.87,10.0462,1263850.36,1172203.38,117220.338,1172.20338,11.722033799999998
002127.SZ,002127,南极电商,20210128,10.14,10.48,9.73,10.3,9.53,0.77,8.0797,2376331.46,2422235.295,242223.5295,2422.235295,24.22235295
002127.SZ,002127,南极电商,20210129,9.87,10.26,9.53,9.77,10.3,-0.53,-5.1456,1693802.62,1674272.042,167427.20419999998,1674.2720419999998,16.742720419999998
002127.SZ,002127,南极电商,20210201,9.77,9.77,9.2,9.59,9.77,-0.18,-1.8424,1112346.91,1057336.046,105733.6046,1057.336046,10.573360460000002
002127.SZ,002127,南极电商,20210202,9.8,10.15,9.61,9.8,9.59,0.21,2.1898,1226440.48,1212250.194,121225.0194,1212.250194,12.12250194
002127.SZ,002127,南极电商,20210203,9.83,10.78,9.67,10.78,9.8,0.98,10.0,1826470.64,1900384.755,190038.4755,1900.384755,19.00384755
002127.SZ,002127,南极电商,20210204,10.98,11.38,10.63,11.04,10.78,0.26,2.4119,2125784.82,2353181.951,235318.1951,2353.181951,23.53181951
002127.SZ,002127,南极电商,20210205,11.04,11.8,10.8,11.25,11.04,0.21,1.9022,1863716.66,2103257.535,210325.7535,2103.257535,21.03257535
002127.SZ,002127,南极电商,20210208,10.9,11.15,10.13,10.41,11.25,-0.84,-7.4667,1540587.93,1615992.323,161599.2323,1615.992323,16.15992323
002127.SZ,002127,南极电商,20210209,10.45,10.96,10.23,10.55,10.41,0.14,1.3449,1351129.3,1436875.627,143687.5627,1436.875627,14.36875627
002127.SZ,002127,南极电商,20210210,10.66,10.72,10.06,10.23,10.55,-0.32,-3.0332,1288504.13,1329807.64,132980.764,1329.80764,13.2980764
002127.SZ,002127,南极电商,20210218,10.5,11.03,10.43,10.93,10.23,0.7,6.8426,1353527.9,1457672.526,145767.2526,1457.672526,14.57672526
002127.SZ,002127,南极电商,20210219,11.03,11.6,10.74,11.53,10.93,0.6,5.4895,1426239.06,1600006.848,160000.6848,1600.006848,16.00006848
002127.SZ,002127,南极电商,20210222,11.54,12.03,11.05,11.34,11.53,-0.19,-1.6479,1681085.89,1935486.564,193548.6564,1935.486564,19.35486564
002127.SZ,002127,南极电商,20210223,11.22,11.91,11.14,11.73,11.34,0.39,3.4392,1358629.51,1575366.827,157536.6827,1575.366827,15.75366827
002127.SZ,002127,南极电商,20210224,11.74,11.83,11.22,11.31,11.73,-0.42,-3.5806,1118515.55,1280713.337,128071.3337,1280.713337,12.80713337
002127.SZ,002127,南极电商,20210225,11.38,11.45,10.7,11.04,11.31,-0.27,-2.3873,1106194.97,1213850.839,121385.0839,1213.850839,12.13850839
002127.SZ,002127,南极电商,20210226,10.7,10.96,10.51,10.58,11.04,-0.46,-4.1667,925819.96,992273.211,99227.3211,992.273211,9.92273211
002127.SZ,002127,南极电商,20210301,10.69,10.84,10.51,10.82,10.58,0.24,2.2684,764321.85,819244.606,81924.4606,819.2446060000001,8.192446060000002
002127.SZ,002127,南极电商,20210302,10.82,10.93,10.19,10.23,10.82,-0.59,-5.4529,1078840.25,1129699.644,112969.9644,1129.699644,11.29699644
002127.SZ,002127,南极电商,20210303,10.11,10.35,9.86,10.33,10.23,0.1,0.9775,974457.64,982238.802,98223.8802,982.238802,9.82238802
002127.SZ,002127,南极电商,20210304,10.17,10.17,9.76,9.8,10.33,-0.53,-5.1307,974982.55,968321.293,96832.1293,968.321293,9.68321293
002127.SZ,002127,南极电商,20210305,9.58,10.02,9.54,9.92,9.8,0.12,1.2245,800645.63,791594.552,79159.4552,791.594552,7.91594552
002127.SZ,002127,南极电商,20210308,9.93,10.12,9.57,9.61,9.92,-0.31,-3.125,974451.44,962233.558,96223.3558,962.233558,9.62233558
002127.SZ,002127,南极电商,20210309,9.66,9.76,8.92,9.37,9.61,-0.24,-2.4974,988378.18,925741.511,92574.1511,925.741511,9.25741511
002127.SZ,002127,南极电商,20210310,9.5,9.55,9.2,9.32,9.37,-0.05,-0.5336,588373.98,551729.457,55172.9457,551.729457,5.517294570000001
002127.SZ,002127,南极电商,20210311,9.3,9.56,9.18,9.42,9.32,0.1,1.073,687669.6,646002.448,64600.2448,646.002448,6.46002448
002127.SZ,002127,南极电商,20210312,9.4,9.45,9.08,9.11,9.42,-0.31,-3.2909,784911.72,722406.026,72240.6026,722.406026,7.22406026
002127.SZ,002127,南极电商,20210315,8.99,9.31,8.92,9.12,9.11,0.01,0.1098,552191.77,504326.149,50432.6149,504.326149,5.04326149
002127.SZ,002127,南极电商,20210316,9.29,9.91,9.29,9.52,9.12,0.4,4.386,1146716.64,1099914.273,109991.4273,1099.914273,10.99914273
002127.SZ,002127,南极电商,20210317,9.42,9.84,9.37,9.52,9.52,0.0,0.0,821393.55,787508.49,78750.849,787.50849,7.875084900000001
002127.SZ,002127,南极电商,20210318,9.55,9.97,9.42,9.87,9.52,0.35,3.6765,1168736.74,1138302.952,113830.2952,1138.302952,11.38302952
002127.SZ,002127,南极电商,20210319,9.7,9.89,9.5,9.54,9.87,-0.33,-3.3435,928656.01,897577.786,89757.77859999999,897.577786,8.975777859999999
002127.SZ,002127,南极电商,20210322,9.48,9.98,9.4,9.66,9.54,0.12,1.2579,880586.51,852437.674,85243.7674,852.437674,8.524376740000001
002127.SZ,002127,南极电商,20210323,9.69,9.73,9.47,9.55,9.66,-0.11,-1.1387,624585.06,596970.031,59697.0031,596.970031,5.96970031
002127.SZ,002127,南极电商,20210324,9.47,9.5,9.15,9.21,9.55,-0.34,-3.5602,715595.91,662567.587,66256.7587,662.567587,6.62567587
002127.SZ,002127,南极电商,20210325,9.3,9.7,9.24,9.5,9.21,0.29,3.1488,780374.57,739734.489,73973.44889999999,739.7344889999999,7.397344889999999
002127.SZ,002127,南极电商,20210326,9.48,9.79,9.42,9.68,9.5,0.18,1.8947,729486.43,701535.559,70153.5559,701.535559,7.01535559
002127.SZ,002127,南极电商,20210329,9.7,9.72,9.4,9.45,9.68,-0.23,-2.376,610747.57,581073.441,58107.3441,581.073441,5.81073441
002127.SZ,002127,南极电商,20210330,9.4,9.44,9.2,9.29,9.45,-0.16,-1.6931,546306.94,506763.089,50676.3089,506.763089,5.06763089
002127.SZ,002127,南极电商,20210331,9.3,9.32,9.15,9.18,9.29,-0.11,-1.1841,437516.98,401899.728,40189.9728,401.899728,4.018997280000001
002127.SZ,002127,南极电商,20210401,9.19,9.34,9.17,9.28,9.18,0.1,1.0893,373375.31,345101.711,34510.1711,345.101711,3.4510171100000004
002127.SZ,002127,南极电商,20210402,9.38,9.42,9.22,9.26,9.28,-0.02,-0.2155,350226.88,325326.85,32532.685,325.32685,3.2532685
002127.SZ,002127,南极电商,20210406,9.26,9.33,9.14,9.3,9.26,0.04,0.432,361392.26,334277.47,33427.747,334.27746999999994,3.342774699999999
002127.SZ,002127,南极电商,20210407,9.29,9.67,9.22,9.58,9.3,0.28,3.0108,814175.46,775224.644,77522.4644,775.224644,7.75224644
002127.SZ,002127,南极电商,20210408,9.57,9.58,9.41,9.43,9.58,-0.15,-1.5658,470502.99,446303.939,44630.3939,446.303939,4.4630393900000005
002127.SZ,002127,南极电商,20210409,9.39,9.39,9.22,9.26,9.43,-0.17,-1.8028,429444.2,398111.58,39811.158,398.11158,3.9811158
002127.SZ,002127,南极电商,20210412,9.33,9.46,9.16,9.17,9.26,-0.09,-0.9719,436752.0,404562.521,40456.2521,404.562521,4.04562521
002127.SZ,002127,南极电商,20210413,9.18,9.19,8.85,8.93,9.17,-0.24,-2.6172,653233.45,587447.001,58744.7001,587.447001,5.87447001
002127.SZ,002127,南极电商,20210414,8.85,9.09,8.73,9.06,8.93,0.13,1.4558,712013.24,631561.305,63156.13050000001,631.5613050000001,6.3156130500000005
002127.SZ,002127,南极电商,20210415,8.97,9.23,8.92,9.16,9.06,0.1,1.1038,510877.83,464397.567,46439.7567,464.397567,4.64397567
002127.SZ,002127,南极电商,20210416,8.95,9.09,8.84,8.95,9.16,-0.21,-2.2926,753044.52,676372.262,67637.2262,676.3722620000001,6.763722620000001
002127.SZ,002127,南极电商,20210419,8.93,9.12,8.78,8.93,8.95,-0.02,-0.2235,756290.97,676743.542,67674.3542,676.743542,6.767435420000001
002127.SZ,002127,南极电商,20210420,8.86,9.04,8.85,8.93,8.93,0.0,0.0,543435.8,486223.214,48622.3214,486.223214,4.86223214
002127.SZ,002127,南极电商,20210421,8.87,8.91,8.75,8.76,8.93,-0.17,-1.9037,661265.95,583221.142,58322.1142,583.221142,5.83221142
002127.SZ,002127,南极电商,20210422,8.75,8.79,8.68,8.69,8.76,-0.07,-0.7991,476128.5,415165.92,41516.592,415.16592,4.1516592
002127.SZ,002127,南极电商,20210423,8.66,8.67,8.22,8.25,8.69,-0.44,-5.0633,1146991.28,959418.55,95941.855,959.41855,9.594185500000002
002127.SZ,002127,南极电商,20210426,8.15,8.33,8.02,8.08,8.25,-0.17,-2.0606,645870.68,527192.548,52719.2548,527.192548,5.27192548
002127.SZ,002127,南极电商,20210427,8.04,8.43,7.86,8.32,8.08,0.24,2.9703,1036633.36,842073.621,84207.3621,842.073621,8.42073621
002127.SZ,002127,南极电商,20210428,8.28,8.62,8.16,8.36,8.32,0.04,0.4808,751331.92,633454.19,63345.419,633.4541899999999,6.3345419
002127.SZ,002127,南极电商,20210429,8.25,8.29,8.06,8.08,8.36,-0.28,-3.3493,621203.97,506556.053,50655.6053,506.556053,5.06556053
002127.SZ,002127,南极电商,20210430,8.06,8.18,7.97,8.08,8.08,0.0,0.0,347464.52,281104.828,28110.4828,281.104828,2.81104828
002127.SZ,002127,南极电商,20210506,8.12,8.14,7.91,7.93,8.08,-0.15,-1.8564,464562.49,370884.159,37088.4159,370.884159,3.70884159
002127.SZ,002127,南极电商,20210507,7.91,8.09,7.78,7.93,7.93,0.0,0.0,520073.76,412809.99,41280.999,412.80999,4.1280999
002127.SZ,002127,南极电商,20210510,8.02,8.28,8.0,8.21,7.93,0.28,3.5309,543009.67,442705.447,44270.5447,442.705447,4.42705447
002127.SZ,002127,南极电商,20210511,8.12,8.26,8.1,8.2,8.21,-0.01,-0.1218,366905.89,300314.666,30031.466600000003,300.31466600000005,3.0031466600000005
002127.SZ,002127,南极电商,20210512,8.2,8.47,8.18,8.46,8.2,0.26,3.1707,635039.88,532522.358,53252.2358,532.522358,5.32522358
002127.SZ,002127,南极电商,20210513,8.38,9.16,8.34,9.0,8.46,0.54,6.383,1397313.1,1238228.668,123822.8668,1238.228668,12.38228668
002127.SZ,002127,南极电商,20210514,9.09,9.22,8.83,8.99,9.0,-0.01,-0.1111,954983.84,863231.251,86323.1251,863.231251,8.63231251
002127.SZ,002127,南极电商,20210517,8.98,9.12,8.86,8.93,8.99,-0.06,-0.6674,672626.26,602336.611,60233.661100000005,602.3366110000001,6.02336611
002127.SZ,002127,南极电商,20210518,8.93,9.64,8.93,9.4,8.93,0.47,5.2632,1108461.31,1031350.34,103135.034,1031.35034,10.3135034
002127.SZ,002127,南极电商,20210519,9.44,9.85,9.28,9.49,9.4,0.09,0.9574,1144184.38,1096688.456,109668.8456,1096.688456,10.96688456
002127.SZ,002127,南极电商,20210520,9.47,9.54,9.16,9.24,9.49,-0.25,-2.6344,893337.09,831606.395,83160.6395,831.606395,8.31606395
002127.SZ,002127,南极电商,20210521,9.29,9.56,9.12,9.24,9.24,0.0,0.0,709628.65,662331.544,66233.1544,662.331544,6.62331544
002127.SZ,002127,南极电商,20210524,9.29,9.37,9.12,9.2,9.24,-0.04,-0.4329,444248.57,409240.279,40924.0279,409.240279,4.09240279
002127.SZ,002127,南极电商,20210525,9.24,9.33,9.07,9.25,9.2,0.05,0.5435,530112.4,487457.518,48745.7518,487.457518,4.87457518
002127.SZ,002127,南极电商,20210526,9.28,10.18,9.25,10.18,9.25,0.93,10.0541,1434677.4,1397545.087,139754.5087,1397.545087,13.97545087
002127.SZ,002127,南极电商,20210527,10.34,10.63,10.07,10.16,10.18,-0.02,-0.1965,2291886.98,2366701.597,236670.1597,2366.701597,23.66701597
002127.SZ,002127,南极电商,20210528,10.1,10.18,9.75,9.76,10.16,-0.4,-3.937,1239370.78,1227238.288,122723.8288,1227.2382879999998,12.27238288
002127.SZ,002127,南极电商,20210531,9.76,10.37,9.7,10.2,9.76,0.44,4.5082,1255538.75,1263265.609,126326.5609,1263.265609,12.63265609
002127.SZ,002127,南极电商,20210601,10.22,10.28,9.94,10.06,10.2,-0.14,-1.3725,716902.54,721270.369,72127.03689999999,721.270369,7.21270369
002127.SZ,002127,南极电商,20210602,10.13,10.34,9.96,10.18,10.06,0.12,1.1928,781999.86,795746.192,79574.6192,795.7461920000001,7.957461920000001
002127.SZ,002127,南极电商,20210603,10.2,10.69,10.11,10.29,10.18,0.11,1.0806,1153729.13,1201464.658,120146.4658,1201.464658,12.01464658
002127.SZ,002127,南极电商,20210604,10.15,10.16,9.9,10.01,10.29,-0.28,-2.7211,815608.69,814685.913,81468.5913,814.685913,8.146859130000001
002127.SZ,002127,南极电商,20210607,9.94,10.09,9.55,9.78,9.85,-0.07,-0.7107,608521.44,597123.14,59712.314,597.12314,5.971231400000001
002127.SZ,002127,南极电商,20210608,9.79,9.94,9.62,9.76,9.78,-0.02,-0.2045,568080.71,554749.151,55474.9151,554.749151,5.54749151
002127.SZ,002127,南极电商,20210609,9.7,9.77,9.43,9.43,9.76,-0.33,-3.3811,693163.66,663285.166,66328.5166,663.285166,6.63285166
002127.SZ,002127,南极电商,20210610,9.38,9.77,9.35,9.42,9.43,-0.01,-0.106,645226.05,616118.42,61611.842,616.11842,6.1611842
002127.SZ,002127,南极电商,20210611,9.37,9.59,9.23,9.32,9.42,-0.1,-1.0616,711375.17,667660.396,66766.03959999999,667.6603959999999,6.676603959999999
002127.SZ,002127,南极电商,20210615,9.34,9.38,8.9,9.07,9.32,-0.25,-2.6824,693575.56,630149.063,63014.9063,630.149063,6.30149063
002127.SZ,002127,南极电商,20210616,9.12,9.33,9.0,9.1,9.07,0.03,0.3308,450582.2,411510.782,41151.0782,411.51078200000006,4.11510782
002127.SZ,002127,南极电商,20210617,9.08,9.12,8.91,8.91,9.1,-0.19,-2.0879,406745.29,365052.549,36505.2549,365.052549,3.65052549
002127.SZ,002127,南极电商,20210618,8.96,9.19,8.81,9.09,8.91,0.18,2.0202,518157.57,467726.663,46772.6663,467.726663,4.67726663
002127.SZ,002127,南极电商,20210621,9.05,9.08,8.73,8.75,9.09,-0.34,-3.7404,717551.48,635716.574,63571.6574,635.716574,6.35716574
002127.SZ,002127,南极电商,20210622,8.7,8.84,8.5,8.55,8.75,-0.2,-2.2857,596327.41,514001.736,51400.1736,514.0017359999999,5.140017359999999
002127.SZ,002127,南极电商,20210623,8.56,8.65,8.49,8.57,8.55,0.02,0.2339,394160.4,337971.524,33797.1524,337.971524,3.37971524
002127.SZ,002127,南极电商,20210624,8.56,8.73,8.5,8.67,8.57,0.1,1.1669,440581.75,380657.107,38065.7107,380.65710700000005,3.80657107
002127.SZ,002127,南极电商,20210625,8.69,8.69,8.43,8.6,8.67,-0.07,-0.8074,452776.15,385567.194,38556.7194,385.567194,3.85567194
002127.SZ,002127,南极电商,20210628,8.6,9.46,8.49,9.46,8.6,0.86,10.0,1285292.54,1170098.197,117009.8197,1170.098197,11.70098197
002127.SZ,002127,南极电商,20210629,9.55,10.07,9.31,9.78,9.46,0.32,3.3827,1631422.93,1591581.869,159158.1869,1591.581869,15.915818690000002
002127.SZ,002127,南极电商,20210630,9.7,10.11,9.62,9.77,9.78,-0.01,-0.1022,902157.06,886428.148,88642.81480000001,886.4281480000001,8.86428148
002127.SZ,002127,南极电商,20210701,9.77,10.14,9.71,9.93,9.77,0.16,1.6377,885826.42,882765.66,88276.566,882.76566,8.827656600000001
002127.SZ,002127,南极电商,20210702,9.92,10.62,9.85,10.27,9.93,0.34,3.424,1568927.2,1607453.541,160745.3541,1607.453541,16.07453541
002127.SZ,002127,南极电商,20210705,10.47,11.04,10.22,10.67,10.27,0.4,3.8948,1503320.88,1603343.672,160334.3672,1603.343672,16.03343672
002127.SZ,002127,南极电商,20210706,10.51,10.62,10.23,10.38,10.67,-0.29,-2.7179,1113440.36,1156635.491,115663.5491,1156.635491,11.56635491
002127.SZ,002127,南极电商,20210707,10.39,11.42,10.39,11.42,10.38,1.04,10.0193,1893887.73,2114174.819,211417.4819,2114.1748190000003,21.14174819
002127.SZ,002127,南极电商,20210708,11.49,11.83,11.0,11.0,11.42,-0.42,-3.6778,1731554.93,1955006.884,195500.6884,1955.006884,19.55006884
002127.SZ,002127,南极电商,20210709,11.04,11.34,10.54,11.26,11.0,0.26,2.3636,1312812.38,1440113.757,144011.3757,1440.113757,14.40113757
002127.SZ,002127,南极电商,20210712,11.2,11.39,10.9,10.9,11.26,-0.36,-3.1972,905749.28,999322.561,99932.2561,999.322561,9.99322561
002127.SZ,002127,南极电商,20210713,10.8,11.76,10.76,11.29,10.9,0.39,3.578,1131954.31,1284826.17,128482.617,1284.82617,12.8482617
002127.SZ,002127,南极电商,20210714,11.21,11.62,11.01,11.29,11.29,0.0,0.0,898580.27,1018100.019,101810.0019,1018.100019,10.18100019
002127.SZ,002127,南极电商,20210715,11.3,12.41,11.11,12.15,11.29,0.86,7.6174,1751472.76,2087957.963,208795.7963,2087.957963,20.87957963
002127.SZ,002127,南极电商,20210716,12.1,12.48,11.83,12.0,12.15,-0.15,-1.2346,1172149.91,1417765.411,141776.5411,1417.765411,14.17765411
002127.SZ,002127,南极电商,20210719,11.9,12.35,11.8,11.95,12.0,-0.05,-0.4167,855475.78,1024558.064,102455.8064,1024.558064,10.24558064
002127.SZ,002127,南极电商,20210720,11.8,11.95,11.29,11.51,11.95,-0.44,-3.682,942977.74,1090227.547,109022.7547,1090.227547,10.90227547
002127.SZ,002127,南极电商,20210721,11.63,11.82,11.22,11.31,11.51,-0.2,-1.7376,864235.81,993713.604,99371.3604,993.713604,9.93713604
002127.SZ,002127,南极电商,20210722,11.21,11.5,11.03,11.36,11.31,0.05,0.4421,820059.6,921762.424,92176.2424,921.762424,9.21762424
002127.SZ,002127,南极电商,20210723,11.26,11.55,11.05,11.09,11.36,-0.27,-2.3768,698491.5,785381.199,78538.1199,785.381199,7.85381199
002127.SZ,002127,南极电商,20210726,11.14,11.16,9.98,10.08,11.09,-1.01,-9.1073,1549110.82,1595704.442,159570.4442,1595.704442,15.95704442
002127.SZ,002127,南极电商,20210727,10.02,10.19,9.68,9.7,10.08,-0.38,-3.7698,814865.1,809946.357,80994.6357,809.946357,8.099463570000001
002127.SZ,002127,南极电商,20210728,9.66,10.15,9.65,10.06,9.7,0.36,3.7113,881785.97,875652.035,87565.2035,875.6520350000001,8.75652035
002127.SZ,002127,南极电商,20210729,10.25,10.42,10.08,10.22,10.06,0.16,1.5905,664256.32,681700.476,68170.0476,681.7004760000001,6.8170047600000006
002127.SZ,002127,南极电商,20210730,10.1,10.57,10.05,10.26,10.22,0.04,0.3914,550535.64,566708.16,56670.816000000006,566.70816,5.6670816
002127.SZ,002127,南极电商,20210802,10.1,10.6,9.83,10.31,10.26,0.05,0.4873,692003.97,704771.826,70477.1826,704.771826,7.04771826
002127.SZ,002127,南极电商,20210803,10.3,10.43,9.96,10.05,10.31,-0.26,-2.5218,585667.24,593251.872,59325.1872,593.251872,5.932518720000001
002127.SZ,002127,南极电商,20210804,9.95,10.22,9.93,10.02,10.05,-0.03,-0.2985,422483.56,423982.857,42398.2857,423.982857,4.23982857
002127.SZ,002127,南极电商,20210805,9.95,10.01,9.66,9.77,10.02,-0.25,-2.495,557134.13,546223.013,54622.30130000001,546.223013,5.46223013
002127.SZ,002127,南极电商,20210806,9.8,9.99,9.52,9.87,9.77,0.1,1.0235,567301.34,551151.98,55115.198,551.15198,5.511519799999999
002127.SZ,002127,南极电商,20210809,9.8,10.21,9.73,10.1,9.87,0.23,2.3303,605615.3,609798.424,60979.8424,609.7984240000001,6.097984240000001
002127.SZ,002127,南极电商,20210810,10.2,10.2,9.95,10.03,10.1,-0.07,-0.6931,394155.44,394638.217,39463.8217,394.638217,3.94638217
002127.SZ,002127,南极电商,20210811,10.04,10.13,9.8,9.84,10.03,-0.19,-1.8943,484184.15,480415.527,48041.5527,480.415527,4.80415527
002127.SZ,002127,南极电商,20210812,9.75,9.95,9.68,9.8,9.84,-0.04,-0.4065,423442.97,415076.877,41507.6877,415.076877,4.15076877
002127.SZ,002127,南极电商,20210813,9.79,9.79,9.56,9.62,9.8,-0.18,-1.8367,401473.71,387739.66,38773.966,387.73966,3.8773966
002127.SZ,002127,南极电商,20210816,9.61,10.11,9.59,10.02,9.62,0.4,4.158,626526.94,620847.863,62084.7863,620.847863,6.208478629999999
002127.SZ,002127,南极电商,20210817,9.95,9.97,9.55,9.62,10.02,-0.4,-3.992,554592.26,539411.174,53941.1174,539.4111740000001,5.3941117400000005
002127.SZ,002127,南极电商,20210818,9.51,9.55,8.99,9.15,9.62,-0.47,-4.8857,707035.76,649303.215,64930.3215,649.303215,6.49303215
002127.SZ,002127,南极电商,20210819,9.06,9.23,9.03,9.05,9.15,-0.1,-1.0929,349099.43,317455.721,31745.5721,317.45572100000004,3.174557210000001
002127.SZ,002127,南极电商,20210820,9.06,9.19,8.85,9.09,9.05,0.04,0.442,334218.56,302369.033,30236.9033,302.369033,3.02369033
002127.SZ,002127,南极电商,20210823,9.14,9.25,9.07,9.2,9.09,0.11,1.2101,298819.54,273940.421,27394.0421,273.940421,2.73940421
002127.SZ,002127,南极电商,20210824,9.23,9.28,9.06,9.19,9.2,-0.01,-0.1087,297663.77,273166.311,27316.6311,273.166311,2.73166311
002127.SZ,002127,南极电商,20210825,9.32,9.49,9.23,9.36,9.19,0.17,1.8498,446559.44,417629.831,41762.9831,417.629831,4.17629831
002127.SZ,002127,南极电商,20210826,9.25,9.31,9.02,9.04,9.36,-0.32,-3.4188,433588.85,395925.889,39592.5889,395.925889,3.959258890000001
002127.SZ,002127,南极电商,20210827,9.01,9.18,8.9,9.04,9.04,0.0,0.0,300471.54,271720.706,27172.0706,271.720706,2.71720706
002127.SZ,002127,南极电商,20210830,8.14,8.38,8.14,8.14,9.04,-0.9,-9.9558,1173901.17,961528.356,96152.8356,961.528356,9.61528356
002127.SZ,002127,南极电商,20210831,7.96,8.11,7.8,7.89,8.14,-0.25,-3.0713,763349.29,605010.311,60501.0311,605.010311,6.05010311
002127.SZ,002127,南极电商,20210901,7.83,8.1,7.7,8.03,7.89,0.14,1.7744,596141.5,469514.998,46951.499800000005,469.5149980000001,4.69514998
002127.SZ,002127,南极电商,20210902,8.0,8.0,7.85,7.88,8.03,-0.15,-1.868,374487.74,295984.929,29598.4929,295.984929,2.95984929
002127.SZ,002127,南极电商,20210903,7.81,7.97,7.81,7.92,7.88,0.04,0.5076,343219.7,271374.437,27137.4437,271.37443699999994,2.7137443699999992
002127.SZ,002127,南极电商,20210906,7.89,8.0,7.82,7.94,7.92,0.02,0.2525,457067.24,361381.972,36138.1972,361.381972,3.61381972
002127.SZ,002127,南极电商,20210907,7.9,8.15,7.88,8.03,7.94,0.09,1.1335,500591.61,400781.225,40078.1225,400.781225,4.00781225
002127.SZ,002127,南极电商,20210908,7.99,8.19,7.98,8.16,8.03,0.13,1.6189,503706.1,408726.222,40872.6222,408.726222,4.08726222
002127.SZ,002127,南极电商,20210909,8.15,8.19,8.01,8.05,8.16,-0.11,-1.348,405881.66,328151.607,32815.1607,328.151607,3.2815160700000003
002127.SZ,002127,南极电商,20210910,8.05,8.09,7.95,7.96,8.05,-0.09,-1.118,396979.11,318192.546,31819.2546,318.192546,3.18192546
002127.SZ,002127,南极电商,20210913,7.96,8.09,7.82,7.98,7.96,0.02,0.2513,461953.02,367061.672,36706.1672,367.061672,3.67061672
002127.SZ,002127,南极电商,20210914,7.95,8.08,7.84,7.86,7.98,-0.12,-1.5038,401940.74,319033.136,31903.3136,319.033136,3.19033136
002127.SZ,002127,南极电商,20210915,7.82,7.83,7.16,7.4,7.86,-0.46,-5.8524,1078270.26,801701.47,80170.147,801.70147,8.017014699999999
002127.SZ,002127,南极电商,20210916,7.36,7.53,7.21,7.22,7.4,-0.18,-2.4324,591366.9,434281.556,43428.1556,434.281556,4.34281556
002127.SZ,002127,南极电商,20210917,7.26,7.27,6.94,6.96,7.22,-0.26,-3.6011,810352.92,569536.683,56953.6683,569.5366829999999,5.695366829999999
002127.SZ,002127,南极电商,20210922,6.89,6.92,6.75,6.77,6.96,-0.19,-2.7299,546828.31,373109.468,37310.9468,373.109468,3.73109468
002127.SZ,002127,南极电商,20210923,6.78,7.09,6.78,6.86,6.77,0.09,1.3294,725819.26,501277.861,50127.7861,501.277861,5.01277861
002127.SZ,002127,南极电商,20210924,6.87,6.97,6.74,6.75,6.86,-0.11,-1.6035,542626.42,371808.184,37180.8184,371.808184,3.71808184
002127.SZ,002127,南极电商,20210927,6.74,6.85,6.6,6.64,6.75,-0.11,-1.6296,572198.08,382823.244,38282.3244,382.823244,3.82823244
002127.SZ,002127,南极电商,20210928,6.67,6.71,6.56,6.61,6.64,-0.03,-0.4518,473990.45,314104.358,31410.4358,314.104358,3.14104358
002127.SZ,002127,南极电商,20210929,6.58,6.63,6.42,6.42,6.61,-0.19,-2.8744,529824.54,343753.26,34375.326,343.75326,3.4375326
002127.SZ,002127,南极电商,20210930,6.41,6.66,6.39,6.6,6.42,0.18,2.8037,550675.81,358050.543,35805.0543,358.05054300000006,3.5805054300000005
002127.SZ,002127,南极电商,20211008,6.69,6.91,6.64,6.77,6.6,0.17,2.5758,636653.85,431393.151,43139.3151,431.393151,4.31393151
002127.SZ,002127,南极电商,20211011,6.79,6.91,6.69,6.73,6.77,-0.04,-0.5908,486788.78,329529.267,32952.9267,329.52926699999995,3.29529267
002127.SZ,002127,南极电商,20211012,6.71,6.72,6.55,6.63,6.73,-0.1,-1.4859,382407.21,253631.026,25363.1026,253.631026,2.53631026
002127.SZ,002127,南极电商,20211013,6.67,6.83,6.65,6.8,6.63,0.17,2.5641,388353.37,261998.134,26199.8134,261.998134,2.61998134
002127.SZ,002127,南极电商,20211014,6.81,7.48,6.77,7.48,6.8,0.68,10.0,1126499.85,802904.882,80290.48819999999,802.9048819999999,8.02904882
002127.SZ,002127,南极电商,20211015,7.48,7.54,7.12,7.22,7.48,-0.26,-3.4759,1126823.49,818700.896,81870.08959999999,818.700896,8.18700896
002127.SZ,002127,南极电商,20211018,7.18,7.22,7.03,7.12,7.22,-0.1,-1.385,616142.71,437686.362,43768.6362,437.686362,4.37686362
002127.SZ,002127,南极电商,20211019,7.1,7.21,7.01,7.13,7.12,0.01,0.1404,544692.53,387387.02,38738.702000000005,387.38702000000006,3.8738702000000007
002127.SZ,002127,南极电商,20211020,7.13,7.77,6.97,7.49,7.13,0.36,5.0491,1456940.53,1069759.116,106975.9116,1069.759116,10.69759116
002127.SZ,002127,南极电商,20211021,7.29,7.76,7.25,7.7,7.49,0.21,2.8037,1354843.1,1023030.453,102303.0453,1023.030453,10.23030453
002127.SZ,002127,南极电商,20211022,7.6,7.98,7.42,7.42,7.7,-0.28,-3.6364,1206174.35,926923.068,92692.3068,926.923068,9.26923068
002127.SZ,002127,南极电商,20211025,7.32,7.48,7.23,7.31,7.42,-0.11,-1.4825,681042.9,498655.259,49865.5259,498.655259,4.98655259
002127.SZ,002127,南极电商,20211026,7.23,7.3,7.07,7.14,7.31,-0.17,-2.3256,661011.75,475114.318,47511.431800000006,475.1143180000001,4.751143180000001
002127.SZ,002127,南极电商,20211027,7.07,7.26,6.74,6.9,7.14,-0.24,-3.3613,789181.44,548243.988,54824.3988,548.2439880000001,5.48243988
002127.SZ,002127,南极电商,20211028,6.86,7.26,6.83,7.14,6.9,0.24,3.4783,793544.4,561689.366,56168.9366,561.6893660000001,5.616893660000001
002127.SZ,002127,南极电商,20211029,7.09,7.32,7.06,7.17,7.14,0.03,0.4202,620972.27,446635.684,44663.5684,446.635684,4.46635684
002127.SZ,002127,南极电商,20211101,7.1,7.43,7.08,7.34,7.17,0.17,2.371,615338.51,448836.924,44883.6924,448.836924,4.48836924
002127.SZ,002127,南极电商,20211102,7.25,7.39,7.11,7.15,7.34,-0.19,-2.5886,539636.91,389900.379,38990.0379,389.900379,3.899003790000001
002127.SZ,002127,南极电商,20211103,7.31,7.53,7.22,7.28,7.15,0.13,1.8182,663617.56,487783.273,48778.3273,487.783273,4.87783273
002127.SZ,002127,南极电商,20211104,7.21,7.34,7.14,7.24,7.28,-0.04,-0.5495,446156.92,322472.617,32247.261700000003,322.472617,3.2247261700000003
002127.SZ,002127,南极电商,20211105,7.27,7.49,7.21,7.42,7.24,0.18,2.4862,737695.47,545016.804,54501.6804,545.016804,5.450168039999999
002127.SZ,002127,南极电商,20211108,7.45,7.45,7.23,7.35,7.42,-0.07,-0.9434,418273.15,306805.047,30680.5047,306.805047,3.06805047
002127.SZ,002127,南极电商,20211109,7.33,7.46,7.2,7.25,7.35,-0.1,-1.3605,488286.75,356485.446,35648.5446,356.485446,3.5648544600000003
002127.SZ,002127,南极电商,20211110,7.21,7.21,6.98,7.1,7.25,-0.15,-2.069,548552.12,387439.367,38743.936700000006,387.43936700000006,3.874393670000001
002127.SZ,002127,南极电商,20211111,7.08,7.1,6.99,6.99,7.1,-0.11,-1.5493,517899.03,364015.546,36401.5546,364.015546,3.64015546
002127.SZ,002127,南极电商,20211112,6.96,7.27,6.78,7.09,6.99,0.1,1.4306,949024.46,665403.231,66540.32310000001,665.4032310000001,6.654032310000002
002127.SZ,002127,南极电商,20211115,7.0,7.16,6.98,7.04,7.09,-0.05,-0.7052,446666.21,315256.073,31525.6073,315.256073,3.15256073
002127.SZ,002127,南极电商,20211116,7.03,7.11,6.88,6.89,7.04,-0.15,-2.1307,494511.09,345409.841,34540.9841,345.40984100000003,3.4540984100000003
002127.SZ,002127,南极电商,20211117,6.85,6.96,6.82,6.87,6.89,-0.02,-0.2903,333800.56,229942.61,22994.261,229.94261,2.2994261
002127.SZ,002127,南极电商,20211118,6.88,6.9,6.75,6.76,6.87,-0.11,-1.6012,379649.93,258451.076,25845.1076,258.451076,2.58451076
002127.SZ,002127,南极电商,20211119,6.72,6.81,6.72,6.8,6.76,0.04,0.5917,305399.12,206809.435,20680.9435,206.809435,2.06809435
002127.SZ,002127,南极电商,20211122,6.79,6.8,6.62,6.67,6.8,-0.13,-1.9118,602402.44,403281.248,40328.124800000005,403.28124800000006,4.0328124800000005
002127.SZ,002127,南极电商,20211123,6.63,6.76,6.61,6.72,6.67,0.05,0.7496,353116.15,236246.32,23624.632,236.24632000000005,2.3624632
002127.SZ,002127,南极电商,20211124,6.68,6.93,6.66,6.87,6.72,0.15,2.2321,645282.99,440167.668,44016.7668,440.167668,4.40167668
002127.SZ,002127,南极电商,20211125,6.87,6.87,6.78,6.79,6.87,-0.08,-1.1645,339467.26,230992.445,23099.2445,230.992445,2.30992445
002127.SZ,002127,南极电商,20211126,6.77,6.77,6.66,6.67,6.79,-0.12,-1.7673,332999.07,222908.699,22290.8699,222.908699,2.22908699
002127.SZ,002127,南极电商,20211129,6.55,6.65,6.51,6.57,6.67,-0.1,-1.4993,291671.99,191933.335,19193.3335,191.933335,1.91933335
002127.SZ,002127,南极电商,20211130,6.57,6.71,6.53,6.53,6.57,-0.04,-0.6088,484890.9,321018.926,32101.8926,321.018926,3.2101892599999995
002127.SZ,002127,南极电商,20211201,6.6,6.69,6.54,6.66,6.53,0.13,1.9908,363160.95,240366.49,24036.649,240.36649,2.4036649
002127.SZ,002127,南极电商,20211202,6.62,6.71,6.6,6.61,6.66,-0.05,-0.7508,303640.51,201541.984,20154.1984,201.541984,2.0154198400000003
002127.SZ,002127,南极电商,20211203,6.61,6.68,6.6,6.65,6.61,0.04,0.6051,259356.96,172297.293,17229.7293,172.297293,1.72297293
002127.SZ,002127,南极电商,20211206,6.63,6.75,6.51,6.63,6.65,-0.02,-0.3008,521282.07,344961.942,34496.1942,344.961942,3.4496194199999994
002127.SZ,002127,南极电商,20211207,6.63,6.72,6.6,6.66,6.63,0.03,0.4525,327786.73,218040.739,21804.0739,218.040739,2.18040739
002127.SZ,002127,南极电商,20211208,6.68,6.79,6.62,6.74,6.66,0.08,1.2012,464333.45,311880.433,31188.0433,311.88043300000004,3.118804330000001
002127.SZ,002127,南极电商,20211209,6.71,6.92,6.71,6.88,6.74,0.14,2.0772,645522.92,442353.474,44235.3474,442.353474,4.42353474
002127.SZ,002127,南极电商,20211210,6.85,6.94,6.81,6.84,6.88,-0.04,-0.5814,481045.62,330305.371,33030.5371,330.30537100000004,3.3030537100000004
002127.SZ,002127,南极电商,20211213,6.83,6.93,6.78,6.84,6.84,0.0,0.0,442799.05,303287.406,30328.7406,303.28740600000003,3.03287406
002127.SZ,002127,南极电商,20211214,6.82,6.97,6.8,6.87,6.84,0.03,0.4386,457034.51,314734.101,31473.4101,314.734101,3.14734101
002127.SZ,002127,南极电商,20211215,6.85,6.9,6.76,6.78,6.87,-0.09,-1.31,397911.64,271230.21,27123.021,271.23021,2.7123021
002127.SZ,002127,南极电商,20211216,6.78,6.85,6.73,6.8,6.78,0.02,0.295,409860.92,278042.922,27804.292200000004,278.04292200000003,2.7804292200000003
002127.SZ,002127,南极电商,20211217,6.78,6.79,6.7,6.7,6.8,-0.1,-1.4706,351666.97,236978.751,23697.8751,236.978751,2.36978751
002127.SZ,002127,南极电商,20211220,6.66,6.74,6.58,6.61,6.7,-0.09,-1.3433,405624.48,269634.086,26963.4086,269.634086,2.6963408600000003
002127.SZ,002127,南极电商,20211221,6.63,6.74,6.6,6.73,6.61,0.12,1.8154,412323.8,274699.889,27469.988900000004,274.69988900000004,2.7469988900000004
002127.SZ,002127,南极电商,20211222,6.75,7.18,6.72,6.91,6.73,0.18,2.6746,937968.69,652981.792,65298.1792,652.981792,6.52981792
002127.SZ,002127,南极电商,20211223,6.85,6.97,6.84,6.87,6.91,-0.04,-0.5789,427199.65,294493.97,29449.397,294.49397,2.9449397
002127.SZ,002127,南极电商,20211224,6.84,6.88,6.74,6.81,6.87,-0.06,-0.8734,334184.0,226878.131,22687.8131,226.878131,2.26878131
002127.SZ,002127,南极电商,20211227,6.94,6.98,6.8,6.87,6.81,0.06,0.8811,370914.6,254709.273,25470.9273,254.709273,2.54709273
002127.SZ,002127,南极电商,20211228,6.83,6.91,6.81,6.82,6.87,-0.05,-0.7278,314453.24,215334.755,21533.4755,215.334755,2.15334755
002127.SZ,002127,南极电商,20211229,6.8,6.82,6.65,6.68,6.82,-0.14,-2.0528,418010.03,279745.375,27974.5375,279.745375,2.79745375
002127.SZ,002127,南极电商,20211230,6.66,7.06,6.65,6.88,6.68,0.2,2.994,897138.36,618273.217,61827.32169999999,618.2732169999999,6.18273217
002127.SZ,002127,南极电商,20211231,6.92,6.94,6.85,6.9,6.88,0.02,0.2907,404066.36,278616.346,27861.6346,278.616346,2.78616346
002127.SZ,002127,南极电商,20220104,6.88,7.15,6.88,7.09,6.9,0.19,2.7536,798596.58,562478.483,56247.8483,562.478483,5.624784829999999
002127.SZ,002127,南极电商,20220105,7.07,7.19,7.02,7.13,7.09,0.04,0.5642,650821.11,463165.331,46316.5331,463.165331,4.63165331
002127.SZ,002127,南极电商,20220106,7.09,7.12,7.01,7.08,7.13,-0.05,-0.7013,496481.17,350152.951,35015.2951,350.15295100000003,3.50152951
002127.SZ,002127,南极电商,20220107,7.08,7.28,6.98,6.98,7.08,-0.1,-1.4124,720506.14,512632.136,51263.2136,512.6321360000001,5.12632136
002127.SZ,002127,南极电商,20220110,6.97,7.08,6.89,7.08,6.98,0.1,1.4327,415824.8,291397.893,29139.7893,291.39789299999995,2.9139789299999994
002127.SZ,002127,南极电商,20220111,7.06,7.12,6.95,6.99,7.08,-0.09,-1.2712,397629.75,279716.65,27971.665,279.71665,2.7971665000000003
002127.SZ,002127,南极电商,20220112,7.0,7.03,6.96,6.99,6.99,0.0,0.0,310757.83,217229.918,21722.9918,217.229918,2.17229918
002127.SZ,002127,南极电商,20220113,6.95,7.1,6.93,6.94,6.99,-0.05,-0.7153,435105.47,304973.343,30497.3343,304.973343,3.04973343
002127.SZ,002127,南极电商,20220114,6.92,6.96,6.75,6.76,6.94,-0.18,-2.5937,467816.24,319544.227,31954.422700000003,319.54422700000003,3.1954422700000005
002127.SZ,002127,南极电商,20220117,6.79,7.13,6.78,7.03,6.76,0.27,3.9941,795014.94,558452.117,55845.2117,558.452117,5.58452117
002127.SZ,002127,南极电商,20220118,7.06,7.09,6.93,6.95,7.03,-0.08,-1.138,411676.8,287935.659,28793.5659,287.935659,2.87935659
002127.SZ,002127,南极电商,20220119,6.92,6.98,6.85,6.89,6.95,-0.06,-0.8633,333835.04,230591.274,23059.1274,230.591274,2.30591274
002127.SZ,002127,南极电商,20220120,6.86,6.91,6.78,6.79,6.89,-0.1,-1.4514,373204.3,254944.38,25494.438,254.94438,2.5494438
002127.SZ,002127,南极电商,20220121,6.78,6.8,6.52,6.54,6.79,-0.25,-3.6819,633518.13,417754.909,41775.4909,417.754909,4.17754909
002127.SZ,002127,南极电商,20220124,6.55,6.56,6.4,6.42,6.54,-0.12,-1.8349,347924.47,224383.547,22438.3547,224.383547,2.24383547
002127.SZ,002127,南极电商,20220125,6.4,6.4,5.88,5.9,6.42,-0.52,-8.0997,870728.59,529930.984,52993.0984,529.9309840000001,5.299309840000001
002127.SZ,002127,南极电商,20220126,5.9,6.01,5.9,5.96,5.9,0.06,1.0169,315946.94,188025.944,18802.5944,188.025944,1.88025944
002127.SZ,002127,南极电商,20220127,5.96,5.97,5.77,5.78,5.96,-0.18,-3.0201,375210.49,219166.226,21916.6226,219.166226,2.19166226
002127.SZ,002127,南极电商,20220128,5.9,5.94,5.78,5.85,5.78,0.07,1.2111,308075.55,180964.69,18096.469,180.96469,1.8096469
002127.SZ,002127,南极电商,20220207,5.85,5.93,5.79,5.87,5.85,0.02,0.3419,398141.57,233307.802,23330.7802,233.307802,2.3330780200000003
002127.SZ,002127,南极电商,20220208,5.86,6.02,5.83,6.0,5.87,0.13,2.2147,340306.38,202027.244,20202.7244,202.027244,2.02027244
002127.SZ,002127,南极电商,20220209,6.04,6.17,6.03,6.06,6.0,0.06,1.0,337319.41,205103.717,20510.3717,205.103717,2.05103717
002127.SZ,002127,南极电商,20220210,6.04,6.1,6.02,6.09,6.06,0.03,0.495,244534.72,148209.157,14820.9157,148.209157,1.48209157
002127.SZ,002127,南极电商,20220211,6.07,6.14,5.97,6.0,6.09,-0.09,-1.4778,268757.55,161927.922,16192.7922,161.927922,1.61927922
002127.SZ,002127,南极电商,20220214,5.94,6.02,5.92,5.99,6.0,-0.01,-0.1667,206562.0,123590.429,12359.0429,123.590429,1.23590429
002127.SZ,002127,南极电商,20220215,5.99,6.03,5.87,5.93,5.99,-0.06,-1.0017,241639.22,143423.026,14342.3026,143.42302600000002,1.4342302600000003
002127.SZ,002127,南极电商,20220216,5.94,6.1,5.93,6.0,5.93,0.07,1.1804,250457.01,150131.989,15013.1989,150.131989,1.50131989
002127.SZ,002127,南极电商,20220217,5.98,5.99,5.92,5.93,6.0,-0.07,-1.1667,186579.35,110931.083,11093.1083,110.931083,1.10931083
002127.SZ,002127,南极电商,20220218,5.88,5.96,5.87,5.95,5.93,0.02,0.3373,174297.15,102976.571,10297.6571,102.976571,1.0297657100000002
002127.SZ,002127,南极电商,20220221,5.91,5.99,5.91,5.97,5.95,0.02,0.3361,258462.64,154042.465,15404.2465,154.042465,1.5404246499999998
002127.SZ,002127,南极电商,20220222,5.93,5.94,5.66,5.72,5.97,-0.25,-4.1876,694407.21,400439.212,40043.9212,400.439212,4.00439212
002127.SZ,002127,南极电商,20220223,5.74,5.92,5.72,5.88,5.72,0.16,2.7972,456125.21,266099.431,26609.9431,266.099431,2.66099431
002127.SZ,002127,南极电商,20220224,5.83,5.84,5.5,5.57,5.88,-0.31,-5.2721,735563.99,416102.655,41610.2655,416.102655,4.16102655
002127.SZ,002127,南极电商,20220225,5.61,5.66,5.52,5.56,5.57,-0.01,-0.1795,354752.56,198175.985,19817.5985,198.175985,1.98175985
002127.SZ,002127,南极电商,20220228,5.56,5.6,5.38,5.58,5.56,0.02,0.3597,370147.35,203690.655,20369.0655,203.690655,2.03690655
002127.SZ,002127,南极电商,20220301,5.59,5.67,5.57,5.62,5.58,0.04,0.7168,273931.23,153895.557,15389.5557,153.895557,1.53895557
002127.SZ,002127,南极电商,20220302,5.58,5.65,5.55,5.61,5.62,-0.01,-0.1779,195594.84,109754.812,10975.4812,109.754812,1.09754812
002127.SZ,002127,南极电商,20220303,5.63,5.64,5.52,5.54,5.61,-0.07,-1.2478,260677.8,145153.196,14515.3196,145.15319599999998,1.4515319599999998
002127.SZ,002127,南极电商,20220304,5.49,5.57,5.47,5.52,5.54,-0.02,-0.361,225710.84,124639.174,12463.9174,124.639174,1.24639174
002127.SZ,002127,南极电商,20220307,5.5,5.5,5.35,5.39,5.52,-0.13,-2.3551,323655.38,175111.776,17511.177600000003,175.11177600000002,1.7511177600000003
002127.SZ,002127,南极电商,20220308,5.36,5.41,5.08,5.13,5.39,-0.26,-4.8237,565132.96,293970.382,29397.0382,293.970382,2.93970382
002127.SZ,002127,南极电商,20220309,5.12,5.17,4.75,4.95,5.13,-0.18,-3.5088,622774.88,309375.326,30937.5326,309.375326,3.09375326
002127.SZ,002127,南极电商,20220310,5.03,5.08,4.92,4.94,4.95,-0.01,-0.202,375878.71,188023.644,18802.3644,188.023644,1.88023644
002127.SZ,002127,南极电商,20220311,4.81,5.13,4.78,5.09,4.94,0.15,3.0364,501309.61,248491.272,24849.1272,248.491272,2.48491272
002127.SZ,002127,南极电商,20220314,5.05,5.16,4.9,4.91,5.09,-0.18,-3.5363,357786.46,179275.219,17927.5219,179.275219,1.79275219
002127.SZ,002127,南极电商,20220315,4.91,4.92,4.57,4.59,4.91,-0.32,-6.5173,528596.6,251483.508,25148.3508,251.483508,2.51483508
002127.SZ,002127,南极电商,20220316,4.71,4.83,4.51,4.79,4.59,0.2,4.3573,569054.63,267229.34,26722.934,267.22934000000004,2.6722934000000005
002127.SZ,002127,南极电商,20220317,4.92,4.96,4.81,4.86,4.79,0.07,1.4614,400497.32,195959.644,19595.9644,195.959644,1.95959644
002127.SZ,002127,南极电商,20220318,4.86,4.95,4.83,4.93,4.86,0.07,1.4403,267570.21,131236.529,13123.6529,131.23652900000002,1.3123652900000002
002127.SZ,002127,南极电商,20220321,4.93,4.96,4.84,4.91,4.93,-0.02,-0.4057,267892.0,131448.027,13144.8027,131.448027,1.31448027
002127.SZ,002127,南极电商,20220322,4.89,5.01,4.84,4.98,4.91,0.07,1.4257,289810.51,142705.089,14270.5089,142.70508900000002,1.42705089
002127.SZ,002127,南极电商,20220323,4.99,5.01,4.94,4.97,4.98,-0.01,-0.2008,207017.92,102992.318,10299.2318,102.992318,1.02992318
002127.SZ,002127,南极电商,20220324,4.94,4.95,4.86,4.87,4.97,-0.1,-2.0121,201083.69,98301.354,9830.1354,98.301354,0.98301354
002127.SZ,002127,南极电商,20220325,4.88,5.36,4.85,5.36,4.87,0.49,10.0616,447024.79,234480.94,23448.094,234.48094,2.3448094
002127.SZ,002127,南极电商,20220325,4.88,5.36,4.85,5.36,4.87,0.49,10.0616,447024.79,234480.94,23448.094,234.48094,2.3448094
002127.SZ,002127,南极电商,20220329,5.13,5.63,5.13,5.63,5.12,0.51,9.9609,1647325.12,897066.013,89706.60130000001,897.0660130000001,8.97066013
002127.SZ,002127,南极电商,20220329,5.13,5.63,5.13,5.63,5.12,0.51,9.9609,1647325.12,897066.013,89706.60130000001,897.0660130000001,8.97066013
