ts_code,code,name,trade_date,open,high,low,close,pre_close,change,pct_chg,vol,1K_amount,10K_amount,1M_amount,100M_amount
003018.SZ,003018,金富科技,20201106,10.72,12.86,10.72,12.86,8.93,3.93,44.009,6529.81,8377.697,837.7697000000001,8.377697000000001,0.08377697
003018.SZ,003018,金富科技,20201109,14.15,14.15,14.15,14.15,12.86,1.29,10.0311,1477.72,2090.973,209.0973,2.090973,0.02090973
003018.SZ,003018,金富科技,20201110,15.57,15.57,15.57,15.57,14.15,1.42,10.0353,1267.17,1972.983,197.2983,1.972983,0.01972983
003018.SZ,003018,金富科技,20201111,17.13,17.13,17.13,17.13,15.57,1.56,10.0193,1906.58,3265.971,326.5971,3.265971,0.03265971
003018.SZ,003018,金富科技,20201112,18.84,18.84,18.84,18.84,17.13,1.71,9.9825,3845.96,7245.788,724.5788,7.245788,0.07245788
003018.SZ,003018,金富科技,20201113,20.72,20.72,16.96,17.56,18.84,-1.28,-6.7941,343485.9,620382.903,62038.29030000001,620.382903,6.2038290300000005
003018.SZ,003018,金富科技,20201116,16.63,17.0,16.16,16.64,17.56,-0.92,-5.2392,208054.87,344219.181,34421.918099999995,344.21918099999994,3.44219181
003018.SZ,003018,金富科技,20201117,16.58,16.58,15.74,16.34,16.64,-0.3,-1.8029,181695.69,292429.12,29242.912,292.42912,2.9242912000000003
003018.SZ,003018,金富科技,20201118,16.0,16.94,15.89,16.84,16.34,0.5,3.06,185101.89,305720.147,30572.0147,305.720147,3.05720147
003018.SZ,003018,金富科技,20201119,16.65,16.79,16.12,16.21,16.84,-0.63,-3.7411,124619.89,203433.05,20343.305,203.43305,2.0343305000000003
003018.SZ,003018,金富科技,20201120,16.13,16.34,15.83,15.9,16.21,-0.31,-1.9124,102969.58,164634.569,16463.456899999997,164.63456899999997,1.6463456899999998
003018.SZ,003018,金富科技,20201123,15.75,15.83,15.26,15.33,15.9,-0.57,-3.5849,107601.94,165694.671,16569.4671,165.69467100000003,1.6569467100000004
003018.SZ,003018,金富科技,20201124,15.41,15.74,15.17,15.74,15.33,0.41,2.6745,102059.73,157359.762,15735.9762,157.359762,1.57359762
003018.SZ,003018,金富科技,20201125,15.58,15.66,15.3,15.33,15.74,-0.41,-2.6048,61403.25,94664.282,9466.4282,94.664282,0.94664282
003018.SZ,003018,金富科技,20201126,15.15,15.5,15.11,15.36,15.33,0.03,0.1957,48984.31,75241.234,7524.123399999999,75.24123399999999,0.7524123399999999
003018.SZ,003018,金富科技,20201127,15.28,15.35,14.82,14.87,15.36,-0.49,-3.1901,68570.06,103040.373,10304.0373,103.040373,1.03040373
003018.SZ,003018,金富科技,20201130,14.89,14.97,14.58,14.62,14.87,-0.25,-1.6812,48544.31,71782.691,7178.2691,71.782691,0.71782691
003018.SZ,003018,金富科技,20201201,14.61,14.78,14.56,14.68,14.62,0.06,0.4104,51159.13,75109.599,7510.9599,75.109599,0.75109599
003018.SZ,003018,金富科技,20201202,14.68,15.99,14.63,15.65,14.68,0.97,6.6076,159676.37,246498.113,24649.8113,246.498113,2.46498113
003018.SZ,003018,金富科技,20201203,15.54,15.79,15.31,15.37,15.65,-0.28,-1.7891,88366.37,136516.519,13651.6519,136.51651900000002,1.36516519
003018.SZ,003018,金富科技,20201204,15.21,15.33,14.82,15.24,15.37,-0.13,-0.8458,68420.55,103266.811,10326.6811,103.266811,1.03266811
003018.SZ,003018,金富科技,20201207,15.1,15.2,14.81,14.88,15.24,-0.36,-2.3622,49217.91,73628.596,7362.859600000001,73.628596,0.73628596
003018.SZ,003018,金富科技,20201208,14.88,14.97,14.66,14.67,14.88,-0.21,-1.4113,39086.75,57855.733,5785.5733,57.855733,0.57855733
003018.SZ,003018,金富科技,20201209,14.69,14.74,14.1,14.16,14.67,-0.51,-3.4765,56647.99,81454.043,8145.4043,81.454043,0.81454043
003018.SZ,003018,金富科技,20201210,14.03,14.46,13.94,14.26,14.16,0.1,0.7062,39370.14,56071.089,5607.1089,56.071089,0.56071089
003018.SZ,003018,金富科技,20201211,14.35,14.35,13.42,13.65,14.26,-0.61,-4.2777,49703.42,68638.583,6863.8583,68.638583,0.68638583
003018.SZ,003018,金富科技,20201214,13.76,13.76,13.4,13.54,13.65,-0.11,-0.8059,29575.31,40085.952,4008.5952,40.085952,0.4008595199999999
003018.SZ,003018,金富科技,20201215,13.41,13.73,13.4,13.67,13.54,0.13,0.9601,34325.03,46534.239,4653.4239,46.534239,0.46534239
003018.SZ,003018,金富科技,20201216,13.59,13.6,13.12,13.13,13.67,-0.54,-3.9503,38489.48,51242.594,5124.2594,51.242594,0.51242594
003018.SZ,003018,金富科技,20201217,13.13,13.24,12.85,13.22,13.13,0.09,0.6855,39934.76,52151.496,5215.1496,52.151496,0.52151496
003018.SZ,003018,金富科技,20201218,13.28,13.29,12.91,12.91,13.22,-0.31,-2.3449,27507.11,35962.828,3596.2828,35.962828,0.35962828
003018.SZ,003018,金富科技,20201221,12.93,13.13,12.86,13.04,12.91,0.13,1.007,26253.02,34157.328,3415.7328,34.157328,0.34157328
003018.SZ,003018,金富科技,20201222,12.96,13.0,12.52,12.54,13.04,-0.5,-3.8344,39423.6,50255.954,5025.5954,50.255954,0.50255954
003018.SZ,003018,金富科技,20201223,12.52,12.62,12.13,12.22,12.54,-0.32,-2.5518,41972.82,51667.338,5166.7338,51.667338,0.51667338
003018.SZ,003018,金富科技,20201224,12.22,12.41,11.8,11.82,12.22,-0.4,-3.2733,40999.77,49472.219,4947.2219,49.472219,0.4947221899999999
003018.SZ,003018,金富科技,20201225,11.94,12.37,11.85,12.28,11.82,0.46,3.8917,46188.13,56368.939,5636.8939,56.368939,0.56368939
003018.SZ,003018,金富科技,20201228,12.15,12.16,11.93,12.0,12.28,-0.28,-2.2801,29006.92,34915.882,3491.5882,34.915882,0.34915882
003018.SZ,003018,金富科技,20201229,12.0,12.28,11.88,12.05,12.0,0.05,0.4167,27071.9,32744.081,3274.4081,32.744080999999994,0.3274408099999999
003018.SZ,003018,金富科技,20201230,11.95,12.65,11.91,12.38,12.05,0.33,2.7386,45953.58,56674.503,5667.4503,56.674503,0.56674503
003018.SZ,003018,金富科技,20201231,12.26,12.58,12.24,12.47,12.38,0.09,0.727,34744.44,43134.443,4313.4443,43.134443000000005,0.43134443
003018.SZ,003018,金富科技,20210104,12.45,12.57,12.32,12.48,12.47,0.01,0.0802,31897.1,39800.608,3980.0608,39.800608,0.39800608
003018.SZ,003018,金富科技,20210105,12.48,12.48,12.24,12.29,12.48,-0.19,-1.5224,29309.93,36178.839,3617.8839,36.178839,0.3617883899999999
003018.SZ,003018,金富科技,20210106,12.22,12.48,12.01,12.09,12.29,-0.2,-1.6273,36087.28,44126.973,4412.6973,44.126973,0.4412697299999999
003018.SZ,003018,金富科技,20210107,12.1,12.1,11.06,11.25,12.09,-0.84,-6.9479,57859.87,66676.52,6667.652,66.67652,0.6667652
003018.SZ,003018,金富科技,20210108,11.24,11.39,10.98,11.23,11.25,-0.02,-0.1778,24760.78,27735.151,2773.5151,27.735151,0.27735151
003018.SZ,003018,金富科技,20210111,11.14,11.24,10.93,11.0,11.23,-0.23,-2.0481,28464.05,31466.369,3146.6369,31.466369,0.31466369
003018.SZ,003018,金富科技,20210112,11.04,11.18,10.96,11.16,11.0,0.16,1.4545,22009.56,24393.865,2439.3865,24.393865,0.24393865
003018.SZ,003018,金富科技,20210113,11.19,11.64,10.72,11.36,11.16,0.2,1.7921,48562.31,54726.181,5472.6181,54.726181,0.54726181
003018.SZ,003018,金富科技,20210114,11.28,11.49,11.05,11.41,11.36,0.05,0.4401,27264.83,30897.631,3089.7631,30.897631,0.30897631
003018.SZ,003018,金富科技,20210115,11.32,12.51,11.32,12.28,11.41,0.87,7.6249,79033.19,95022.642,9502.2642,95.02264200000002,0.9502264200000002
003018.SZ,003018,金富科技,20210118,12.11,12.46,12.05,12.21,12.28,-0.07,-0.57,47077.35,57575.198,5757.5198,57.575198,0.57575198
003018.SZ,003018,金富科技,20210119,12.1,12.32,12.02,12.14,12.21,-0.07,-0.5733,36667.82,44655.004,4465.5004,44.655004,0.44655004
003018.SZ,003018,金富科技,20210120,12.18,12.45,12.02,12.37,12.14,0.23,1.8946,39350.35,48293.37,4829.337,48.29337,0.4829337
003018.SZ,003018,金富科技,20210121,12.46,12.48,12.1,12.11,12.37,-0.26,-2.1019,38803.17,47480.089,4748.0089,47.480089,0.47480089
003018.SZ,003018,金富科技,20210122,12.03,12.15,11.6,11.73,12.11,-0.38,-3.1379,36658.68,43341.321,4334.132100000001,43.34132100000001,0.4334132100000001
003018.SZ,003018,金富科技,20210125,11.65,11.79,11.38,11.78,11.73,0.05,0.4263,34045.19,39341.164,3934.1164,39.341164,0.39341164
003018.SZ,003018,金富科技,20210126,11.65,12.96,11.62,12.41,11.78,0.63,5.348,72424.49,90340.753,9034.0753,90.340753,0.90340753
003018.SZ,003018,金富科技,20210127,12.24,13.65,12.01,13.65,12.41,1.24,9.9919,165182.16,216488.343,21648.8343,216.488343,2.16488343
003018.SZ,003018,金富科技,20210128,13.5,15.02,13.05,15.02,13.65,1.37,10.0366,221383.28,318527.0,31852.7,318.527,3.18527
003018.SZ,003018,金富科技,20210129,16.0,16.15,13.52,13.52,15.02,-1.5,-9.9867,199362.28,284119.124,28411.9124,284.119124,2.84119124
003018.SZ,003018,金富科技,20210201,12.2,13.25,12.2,12.66,13.52,-0.86,-6.3609,132961.08,167456.463,16745.6463,167.456463,1.67456463
003018.SZ,003018,金富科技,20210202,12.46,12.6,11.9,11.95,12.66,-0.71,-5.6082,105311.19,128054.931,12805.4931,128.054931,1.28054931
003018.SZ,003018,金富科技,20210203,11.9,11.9,11.4,11.56,11.95,-0.39,-3.2636,71777.08,83131.739,8313.1739,83.131739,0.8313173899999999
003018.SZ,003018,金富科技,20210204,11.43,11.78,11.1,11.3,11.56,-0.26,-2.2491,52761.65,60232.277,6023.2277,60.232277,0.60232277
003018.SZ,003018,金富科技,20210205,11.35,11.74,11.23,11.26,11.3,-0.04,-0.354,50332.95,57783.736,5778.3736,57.783736,0.57783736
003018.SZ,003018,金富科技,20210208,11.31,11.54,11.28,11.46,11.26,0.2,1.7762,34307.31,39185.44,3918.544,39.18544,0.3918544
003018.SZ,003018,金富科技,20210209,11.5,11.52,11.16,11.36,11.46,-0.1,-0.8726,38514.98,43562.14,4356.214,43.56214,0.4356214
003018.SZ,003018,金富科技,20210210,11.38,11.43,11.08,11.15,11.36,-0.21,-1.8486,35182.48,39483.54,3948.354,39.483540000000005,0.3948354
003018.SZ,003018,金富科技,20210218,11.2,11.54,11.2,11.52,11.15,0.37,3.3184,38968.01,44471.542,4447.1542,44.471542,0.44471542
003018.SZ,003018,金富科技,20210219,11.52,11.96,11.4,11.92,11.52,0.4,3.4722,46858.85,54982.649,5498.2649,54.982649,0.5498264900000001
003018.SZ,003018,金富科技,20210222,11.91,12.2,11.83,11.84,11.92,-0.08,-0.6711,60235.19,72364.497,7236.4497,72.364497,0.72364497
003018.SZ,003018,金富科技,20210223,11.82,11.84,11.52,11.69,11.84,-0.15,-1.2669,34158.7,39907.428,3990.7428,39.907428,0.39907428
003018.SZ,003018,金富科技,20210224,11.71,12.13,11.66,12.04,11.69,0.35,2.994,49783.2,59383.567,5938.3567,59.383567,0.59383567
003018.SZ,003018,金富科技,20210225,12.04,12.07,11.7,11.74,12.04,-0.3,-2.4917,32189.21,38075.689,3807.5689,38.075689,0.3807568899999999
003018.SZ,003018,金富科技,20210226,11.51,11.92,11.51,11.71,11.74,-0.03,-0.2555,22609.0,26558.387,2655.8387,26.558387,0.2655838699999999
003018.SZ,003018,金富科技,20210301,11.73,11.94,11.73,11.92,11.71,0.21,1.7933,26357.63,31248.589,3124.8589,31.248589000000003,0.31248589
003018.SZ,003018,金富科技,20210302,11.94,11.95,11.48,11.67,11.92,-0.25,-2.0973,27973.91,32757.923,3275.7923,32.757923,0.32757923
003018.SZ,003018,金富科技,20210303,11.68,11.86,11.58,11.81,11.67,0.14,1.1997,23332.23,27441.731,2744.1731,27.441731,0.27441731
003018.SZ,003018,金富科技,20210304,11.77,11.81,11.6,11.73,11.81,-0.08,-0.6774,24667.21,28798.135,2879.8135,28.798135,0.2879813499999999
003018.SZ,003018,金富科技,20210305,11.74,11.82,11.65,11.79,11.73,0.06,0.5115,20696.82,24327.493,2432.7493,24.327493,0.24327493
003018.SZ,003018,金富科技,20210308,11.84,11.96,11.7,11.73,11.79,-0.06,-0.5089,27912.16,33009.124,3300.9124,33.009124,0.33009124
003018.SZ,003018,金富科技,20210309,11.7,11.73,11.23,11.37,11.73,-0.36,-3.0691,35115.41,40117.428,4011.7428,40.117428,0.40117428
003018.SZ,003018,金富科技,20210310,11.37,11.5,11.33,11.42,11.37,0.05,0.4398,14734.35,16795.767,1679.5767,16.795767,0.16795767
003018.SZ,003018,金富科技,20210311,11.42,11.74,11.38,11.62,11.42,0.2,1.7513,17936.94,20691.957,2069.1957,20.691957,0.20691957
003018.SZ,003018,金富科技,20210312,11.52,11.59,11.45,11.58,11.62,-0.04,-0.3442,16890.61,19432.319,1943.2319,19.432319,0.19432319
003018.SZ,003018,金富科技,20210315,11.55,11.88,11.44,11.69,11.58,0.11,0.9499,39054.13,45561.468,4556.1468,45.561468000000005,0.45561468
003018.SZ,003018,金富科技,20210316,11.74,11.85,11.63,11.82,11.69,0.13,1.1121,30970.48,36372.065,3637.2065,36.372065,0.36372065
003018.SZ,003018,金富科技,20210317,11.75,11.89,11.69,11.85,11.82,0.03,0.2538,22743.53,26861.383,2686.1383,26.861383,0.26861383
003018.SZ,003018,金富科技,20210318,11.8,12.38,11.75,12.36,11.85,0.51,4.3038,69872.25,84771.626,8477.1626,84.771626,0.84771626
003018.SZ,003018,金富科技,20210319,12.2,12.67,12.11,12.44,12.36,0.08,0.6472,67516.49,83873.6,8387.36,83.87360000000001,0.8387360000000001
003018.SZ,003018,金富科技,20210322,12.48,12.78,12.29,12.63,12.44,0.19,1.5273,60981.75,76421.002,7642.100199999999,76.42100199999999,0.7642100199999998
003018.SZ,003018,金富科技,20210323,12.84,13.28,12.11,12.16,12.63,-0.47,-3.7213,76434.52,96390.929,9639.0929,96.390929,0.96390929
003018.SZ,003018,金富科技,20210324,12.0,12.98,11.87,12.55,12.16,0.39,3.2072,67356.91,83941.384,8394.1384,83.941384,0.83941384
003018.SZ,003018,金富科技,20210325,12.3,12.62,12.11,12.2,12.55,-0.35,-2.7888,50134.84,61642.221,6164.2221,61.642221,0.61642221
003018.SZ,003018,金富科技,20210326,12.22,12.7,12.06,12.59,12.2,0.39,3.1967,65509.72,81717.637,8171.7637,81.71763700000001,0.8171763700000001
003018.SZ,003018,金富科技,20210329,12.65,12.96,12.44,12.87,12.59,0.28,2.224,77484.9,98457.718,9845.7718,98.457718,0.9845771799999998
003018.SZ,003018,金富科技,20210330,12.77,14.16,12.63,14.16,12.87,1.29,10.0233,209605.82,285599.419,28559.9419,285.59941899999995,2.85599419
003018.SZ,003018,金富科技,20210331,14.1,14.3,13.15,13.21,14.16,-0.95,-6.709,175677.17,241132.946,24113.2946,241.132946,2.41132946
003018.SZ,003018,金富科技,20210401,13.08,13.64,12.78,13.38,13.21,0.17,1.2869,103903.34,137335.103,13733.5103,137.335103,1.37335103
003018.SZ,003018,金富科技,20210402,13.4,13.76,13.13,13.64,13.38,0.26,1.9432,96932.88,130855.095,13085.5095,130.855095,1.30855095
003018.SZ,003018,金富科技,20210406,13.64,13.7,13.38,13.45,13.64,-0.19,-1.393,72050.04,97227.441,9722.7441,97.227441,0.97227441
003018.SZ,003018,金富科技,20210407,13.55,14.16,13.29,13.97,13.45,0.52,3.8662,127872.01,176523.797,17652.379699999998,176.52379699999997,1.7652379699999998
003018.SZ,003018,金富科技,20210408,13.94,15.21,13.74,14.47,13.97,0.5,3.5791,189556.52,272771.234,27277.1234,272.771234,2.72771234
003018.SZ,003018,金富科技,20210409,14.33,15.0,14.0,14.66,14.47,0.19,1.3131,144035.85,208182.899,20818.2899,208.182899,2.08182899
003018.SZ,003018,金富科技,20210412,14.4,14.4,13.6,14.09,14.66,-0.57,-3.8881,97527.8,137067.258,13706.7258,137.067258,1.37067258
003018.SZ,003018,金富科技,20210413,13.88,13.9,12.92,12.95,14.09,-1.14,-8.0908,93120.13,123855.364,12385.5364,123.855364,1.23855364
003018.SZ,003018,金富科技,20210414,12.9,13.96,12.88,13.38,12.95,0.43,3.3205,103521.23,139531.03,13953.103,139.53103,1.3953102999999998
003018.SZ,003018,金富科技,20210415,13.41,13.73,13.1,13.2,13.38,-0.18,-1.3453,71140.45,95114.053,9511.4053,95.114053,0.95114053
003018.SZ,003018,金富科技,20210416,13.14,14.18,13.05,13.9,13.2,0.7,5.303,112122.49,153991.267,15399.1267,153.991267,1.53991267
003018.SZ,003018,金富科技,20210419,14.0,14.12,13.67,13.7,13.9,-0.2,-1.4388,72120.05,99557.952,9955.7952,99.557952,0.99557952
003018.SZ,003018,金富科技,20210420,13.75,13.93,13.24,13.3,13.7,-0.4,-2.9197,82636.51,111904.139,11190.4139,111.904139,1.11904139
003018.SZ,003018,金富科技,20210421,13.15,13.52,13.05,13.31,13.3,0.01,0.0752,52500.18,69785.756,6978.575599999999,69.78575599999999,0.6978575599999999
003018.SZ,003018,金富科技,20210422,13.6,13.67,13.07,13.18,13.31,-0.13,-0.9767,54975.51,73052.776,7305.277599999999,73.052776,0.73052776
003018.SZ,003018,金富科技,20210423,13.1,13.24,12.36,12.39,13.18,-0.79,-5.9939,79444.99,99928.603,9992.8603,99.928603,0.99928603
003018.SZ,003018,金富科技,20210426,12.32,12.56,12.15,12.36,12.39,-0.03,-0.2421,37875.45,46888.61,4688.861,46.88861,0.4688861
003018.SZ,003018,金富科技,20210427,12.3,12.66,12.3,12.61,12.36,0.25,2.0227,41127.88,51420.283,5142.0283,51.420283,0.51420283
003018.SZ,003018,金富科技,20210428,12.51,12.54,12.31,12.42,12.61,-0.19,-1.5067,25166.17,31169.153,3116.9153,31.169153,0.31169153
003018.SZ,003018,金富科技,20210429,12.42,12.65,12.25,12.26,12.42,-0.16,-1.2882,28102.25,35037.362,3503.7362000000003,35.037362,0.35037362
003018.SZ,003018,金富科技,20210430,12.21,12.31,12.0,12.15,12.26,-0.11,-0.8972,27267.23,33082.687,3308.2687,33.08268699999999,0.3308268699999999
003018.SZ,003018,金富科技,20210506,12.18,12.44,12.18,12.34,12.15,0.19,1.5638,19921.38,24551.581,2455.1581,24.551580999999995,0.2455158099999999
003018.SZ,003018,金富科技,20210507,12.29,12.5,12.17,12.29,12.34,-0.05,-0.4052,21935.18,26930.964,2693.0964,26.930964,0.26930964
003018.SZ,003018,金富科技,20210510,12.31,12.48,12.21,12.39,12.29,0.1,0.8137,26333.28,32502.354,3250.2354,32.502354,0.3250235399999999
003018.SZ,003018,金富科技,20210511,12.02,12.02,11.31,11.56,12.01,-0.45,-3.7469,41266.65,47867.043,4786.704299999999,47.867043,0.47867043
003018.SZ,003018,金富科技,20210512,11.53,11.6,11.44,11.55,11.56,-0.01,-0.0865,18301.32,21081.959,2108.1959,21.081959,0.2108195899999999
003018.SZ,003018,金富科技,20210513,11.48,11.62,11.42,11.54,11.55,-0.01,-0.0866,16407.5,18953.85,1895.385,18.95385,0.1895385
003018.SZ,003018,金富科技,20210514,11.54,11.63,11.51,11.61,11.54,0.07,0.6066,17228.65,19955.082,1995.5082,19.955082,0.1995508199999999
003018.SZ,003018,金富科技,20210517,11.62,11.65,11.23,11.36,11.61,-0.25,-2.1533,33979.12,38603.819,3860.3819,38.603819,0.38603819
003018.SZ,003018,金富科技,20210518,11.38,11.49,11.29,11.45,11.36,0.09,0.7923,18363.49,20910.735,2091.0735,20.910735,0.20910735
003018.SZ,003018,金富科技,20210519,11.52,11.69,11.36,11.53,11.45,0.08,0.6987,25309.66,29102.9,2910.29,29.1029,0.291029
003018.SZ,003018,金富科技,20210520,11.52,11.53,11.33,11.38,11.53,-0.15,-1.301,18353.37,20925.854,2092.5854,20.925854,0.20925854
003018.SZ,003018,金富科技,20210521,11.44,11.64,11.4,11.59,11.38,0.21,1.8453,21679.39,25012.422,2501.2422,25.012422,0.2501242199999999
003018.SZ,003018,金富科技,20210524,11.64,11.64,11.52,11.63,11.59,0.04,0.3451,16673.69,19323.894,1932.3894,19.323894,0.19323894
003018.SZ,003018,金富科技,20210525,11.64,11.69,11.53,11.67,11.63,0.04,0.3439,16775.29,19504.157,1950.4157,19.504157,0.19504157
003018.SZ,003018,金富科技,20210526,11.92,12.25,11.8,12.02,11.67,0.35,2.9991,48905.95,58579.411,5857.9411,58.579411,0.58579411
003018.SZ,003018,金富科技,20210527,11.96,12.17,11.9,11.97,12.02,-0.05,-0.416,31725.17,38097.035,3809.703500000001,38.097035000000005,0.38097035
003018.SZ,003018,金富科技,20210528,11.92,12.05,11.9,11.93,11.97,-0.04,-0.3342,18611.27,22226.987,2222.6987,22.226987,0.2222698699999999
003018.SZ,003018,金富科技,20210531,11.89,12.0,11.88,11.97,11.93,0.04,0.3353,15554.07,18584.704,1858.4704,18.584704,0.18584704
003018.SZ,003018,金富科技,20210601,11.97,12.05,11.91,12.04,11.97,0.07,0.5848,19556.37,23411.828,2341.1828,23.411828,0.23411828
003018.SZ,003018,金富科技,20210602,12.03,12.03,11.89,11.9,12.04,-0.14,-1.1628,19762.0,23574.668,2357.4668,23.574668000000003,0.23574668
003018.SZ,003018,金富科技,20210603,11.93,12.03,11.86,11.99,11.9,0.09,0.7563,21849.37,26145.028,2614.5028,26.145028,0.26145028
003018.SZ,003018,金富科技,20210604,12.51,12.89,12.26,12.32,11.99,0.33,2.7523,105253.93,132374.56,13237.456,132.37456,1.3237456
003018.SZ,003018,金富科技,20210607,12.06,12.19,11.93,11.95,12.32,-0.37,-3.0032,54100.37,64912.916,6491.2916,64.912916,0.64912916
003018.SZ,003018,金富科技,20210608,11.95,12.07,11.81,12.01,11.95,0.06,0.5021,26392.74,31553.575,3155.3575,31.553575,0.31553575
003018.SZ,003018,金富科技,20210609,11.93,12.0,11.87,11.93,12.01,-0.08,-0.6661,19071.47,22733.5,2273.35,22.7335,0.2273349999999999
003018.SZ,003018,金富科技,20210610,11.91,11.98,11.87,11.93,11.93,0.0,0.0,17896.23,21349.587,2134.9587,21.349587,0.21349587
003018.SZ,003018,金富科技,20210611,11.95,12.02,11.66,11.67,11.93,-0.26,-2.1794,25652.0,30376.71,3037.671,30.37671,0.3037671
003018.SZ,003018,金富科技,20210615,11.67,11.72,11.35,11.42,11.67,-0.25,-2.1422,23775.9,27238.616,2723.8616,27.238616,0.27238616
003018.SZ,003018,金富科技,20210616,11.37,11.48,11.36,11.42,11.42,0.0,0.0,11639.37,13283.415,1328.3415,13.283415,0.1328341499999999
003018.SZ,003018,金富科技,20210617,11.42,11.49,11.39,11.42,11.42,0.0,0.0,9388.8,10735.259,1073.5259,10.735259,0.10735259
003018.SZ,003018,金富科技,20210618,11.43,11.54,11.28,11.52,11.42,0.1,0.8757,16486.74,18805.691,1880.5691,18.805691,0.18805691
003018.SZ,003018,金富科技,20210621,11.5,11.58,11.44,11.52,11.52,0.0,0.0,15471.34,17777.238,1777.7238000000002,17.777238,0.17777238
003018.SZ,003018,金富科技,20210622,11.52,11.62,11.46,11.61,11.52,0.09,0.7813,13833.74,15994.961,1599.4960999999998,15.994960999999998,0.15994961
003018.SZ,003018,金富科技,20210623,11.62,11.66,11.55,11.57,11.61,-0.04,-0.3445,14732.0,17066.404,1706.6403999999998,17.066404,0.17066404
003018.SZ,003018,金富科技,20210624,11.6,11.71,11.5,11.7,11.57,0.13,1.1236,16506.37,19232.252,1923.2252,19.232252000000003,0.19232252
003018.SZ,003018,金富科技,20210625,11.72,11.75,11.57,11.72,11.7,0.02,0.1709,16602.11,19362.767,1936.2767,19.362767,0.1936276699999999
003018.SZ,003018,金富科技,20210628,11.7,11.76,11.63,11.67,11.72,-0.05,-0.4266,14225.0,16618.156,1661.8156,16.618156,0.1661815599999999
003018.SZ,003018,金富科技,20210629,11.66,11.66,11.41,11.42,11.67,-0.25,-2.1422,14981.37,17198.607,1719.8607,17.198607,0.17198607
003018.SZ,003018,金富科技,20210630,11.49,11.49,11.38,11.41,11.42,-0.01,-0.0876,10726.9,12249.405,1224.9405000000002,12.249405,0.12249405
003018.SZ,003018,金富科技,20210701,11.42,11.46,11.25,11.27,11.41,-0.14,-1.227,15398.37,17417.905,1741.7904999999998,17.417904999999998,0.1741790499999999
003018.SZ,003018,金富科技,20210702,11.25,11.27,11.02,11.12,11.27,-0.15,-1.331,14483.9,16068.141,1606.8141,16.068141,0.16068141
003018.SZ,003018,金富科技,20210705,11.11,11.22,11.1,11.19,11.12,0.07,0.6295,7939.38,8869.968,886.9968000000001,8.869968000000002,0.08869968
003018.SZ,003018,金富科技,20210706,11.2,11.28,11.13,11.27,11.19,0.08,0.7149,9305.0,10421.161,1042.1161,10.421161,0.10421161
003018.SZ,003018,金富科技,20210707,11.2,11.34,11.12,11.28,11.27,0.01,0.0887,12753.74,14354.766,1435.4766,14.354766,0.14354766
003018.SZ,003018,金富科技,20210708,11.31,11.38,11.14,11.14,11.28,-0.14,-1.2411,13694.0,15396.994,1539.6994,15.396994,0.15396994
003018.SZ,003018,金富科技,20210709,11.09,11.22,11.08,11.2,11.14,0.06,0.5386,11119.37,12405.282,1240.5282,12.405282,0.12405282
003018.SZ,003018,金富科技,20210712,11.35,11.37,11.24,11.34,11.2,0.14,1.25,12650.38,14320.427,1432.0427,14.320427,0.14320427
003018.SZ,003018,金富科技,20210713,11.35,11.37,11.26,11.35,11.34,0.01,0.0882,12121.74,13704.277,1370.4277,13.704277,0.1370427699999999
003018.SZ,003018,金富科技,20210714,11.35,11.55,11.31,11.34,11.35,-0.01,-0.0881,21698.37,24753.161,2475.3161,24.753161,0.2475316099999999
003018.SZ,003018,金富科技,20210715,11.33,11.34,11.2,11.26,11.34,-0.08,-0.7055,14239.67,16038.523,1603.8523,16.038523,0.16038523
003018.SZ,003018,金富科技,20210716,11.26,11.29,11.13,11.13,11.26,-0.13,-1.1545,13750.93,15355.922,1535.5922,15.355922,0.15355922
003018.SZ,003018,金富科技,20210719,11.11,11.14,11.01,11.06,11.13,-0.07,-0.6289,10710.74,11838.481,1183.8481,11.838481,0.11838481
003018.SZ,003018,金富科技,20210720,11.05,11.1,11.03,11.08,11.06,0.02,0.1808,7001.74,7744.435,774.4435000000001,7.744435000000001,0.07744435
003018.SZ,003018,金富科技,20210721,11.11,11.17,11.07,11.14,11.08,0.06,0.5415,7604.33,8468.038,846.8038,8.468038,0.08468038
003018.SZ,003018,金富科技,20210722,11.16,11.16,11.06,11.15,11.14,0.01,0.0898,11706.94,13008.411,1300.8411,13.008411,0.13008411
003018.SZ,003018,金富科技,20210723,11.15,11.15,11.01,11.01,11.15,-0.14,-1.2556,12196.25,13470.684,1347.0684,13.470684,0.13470684
003018.SZ,003018,金富科技,20210726,11.01,11.01,10.66,10.75,11.01,-0.26,-2.3615,17264.0,18636.168,1863.6168,18.636168,0.18636168
003018.SZ,003018,金富科技,20210727,10.75,10.81,10.64,10.65,10.75,-0.1,-0.9302,11168.26,11953.586,1195.3586,11.953586,0.11953586
003018.SZ,003018,金富科技,20210728,10.6,10.62,10.26,10.32,10.65,-0.33,-3.0986,12406.27,12891.482,1289.1482,12.891482000000002,0.12891482
003018.SZ,003018,金富科技,20210729,10.33,10.52,10.33,10.43,10.32,0.11,1.0659,7325.0,7649.857,764.9857,7.649857,0.07649857
003018.SZ,003018,金富科技,20210730,10.41,10.48,10.3,10.48,10.43,0.05,0.4794,8030.69,8328.497,832.8497,8.328497,0.08328497
003018.SZ,003018,金富科技,20210802,10.53,10.79,10.43,10.77,10.48,0.29,2.7672,13314.38,14180.694,1418.0694,14.180694,0.14180694
003018.SZ,003018,金富科技,20210803,10.79,10.87,10.7,10.76,10.77,-0.01,-0.0929,8966.38,9671.723,967.1723,9.671723,0.09671723
003018.SZ,003018,金富科技,20210804,10.76,10.83,10.72,10.79,10.76,0.03,0.2788,6800.35,7334.665,733.4665,7.334665,0.07334665
003018.SZ,003018,金富科技,20210805,10.7,10.73,10.63,10.66,10.79,-0.13,-1.2048,8734.12,9313.859,931.3859,9.313859,0.09313859
003018.SZ,003018,金富科技,20210806,10.68,10.68,10.52,10.55,10.66,-0.11,-1.0319,6779.32,7170.955,717.0955,7.170955,0.07170955
003018.SZ,003018,金富科技,20210809,10.55,10.7,10.5,10.66,10.55,0.11,1.0427,7071.32,7522.548,752.2547999999999,7.522548,0.07522548
003018.SZ,003018,金富科技,20210810,10.66,10.82,10.6,10.82,10.66,0.16,1.5009,12480.0,13423.944,1342.3944,13.423944,0.13423944
003018.SZ,003018,金富科技,20210811,10.82,10.97,10.76,10.9,10.82,0.08,0.7394,15115.61,16433.067,1643.3067,16.433066999999998,0.1643306699999999
003018.SZ,003018,金富科技,20210812,10.9,10.98,10.8,10.81,10.9,-0.09,-0.8257,11422.04,12405.196,1240.5196,12.405196,0.12405196
003018.SZ,003018,金富科技,20210813,10.82,10.92,10.73,10.77,10.81,-0.04,-0.37,10570.0,11412.581,1141.2581,11.412581,0.11412581
003018.SZ,003018,金富科技,20210816,10.76,11.07,10.76,11.0,10.77,0.23,2.1356,18646.5,20468.976,2046.8976,20.468976,0.2046897599999999
003018.SZ,003018,金富科技,20210817,11.0,11.07,10.78,10.79,11.0,-0.21,-1.9091,17602.0,19227.886,1922.7886,19.227886,0.1922788599999999
003018.SZ,003018,金富科技,20210818,10.79,11.06,10.72,11.04,10.79,0.25,2.317,13566.74,14757.775,1475.7775,14.757775,0.1475777499999999
003018.SZ,003018,金富科技,20210819,11.01,11.07,10.9,10.96,11.04,-0.08,-0.7246,11633.52,12771.228,1277.1228,12.771228,0.1277122799999999
003018.SZ,003018,金富科技,20210820,10.94,10.94,10.7,10.78,10.96,-0.18,-1.6423,11083.78,11954.494,1195.4494,11.954494,0.11954494
003018.SZ,003018,金富科技,20210823,10.73,11.07,10.73,11.07,10.78,0.29,2.6902,19126.44,21051.278,2105.1278,21.051278,0.2105127799999999
003018.SZ,003018,金富科技,20210824,11.08,11.18,10.98,11.01,11.07,-0.06,-0.542,15037.5,16638.221,1663.8221,16.638221,0.16638221
003018.SZ,003018,金富科技,20210825,11.02,11.07,10.97,11.05,11.01,0.04,0.3633,10795.06,11908.881,1190.8881,11.908881,0.1190888099999999
003018.SZ,003018,金富科技,20210826,11.04,11.05,10.86,10.89,11.05,-0.16,-1.448,11663.11,12768.09,1276.809,12.76809,0.1276808999999999
003018.SZ,003018,金富科技,20210827,10.88,11.04,10.8,10.93,10.89,0.04,0.3673,13244.37,14433.349,1443.3349,14.433349,0.14433349
003018.SZ,003018,金富科技,20210830,10.97,11.16,10.93,11.04,10.93,0.11,1.0064,17103.0,18894.159,1889.4159,18.894159,0.18894159
003018.SZ,003018,金富科技,20210831,11.04,11.25,10.99,11.08,11.04,0.04,0.3623,15365.58,17040.993,1704.0993,17.040993,0.17040993
003018.SZ,003018,金富科技,20210901,11.04,11.23,10.85,11.2,11.08,0.12,1.083,25129.33,27890.512,2789.0512,27.890512,0.2789051199999999
003018.SZ,003018,金富科技,20210902,11.15,11.36,11.15,11.29,11.2,0.09,0.8036,24619.53,27791.143,2779.1143,27.791143,0.27791143
003018.SZ,003018,金富科技,20210903,11.25,11.42,11.18,11.39,11.29,0.1,0.8857,26979.24,30546.655,3054.6655,30.546655,0.30546655
003018.SZ,003018,金富科技,20210906,11.4,11.41,11.25,11.35,11.39,-0.04,-0.3512,18808.03,21273.9,2127.3900000000003,21.273900000000005,0.212739
003018.SZ,003018,金富科技,20210907,11.4,11.4,11.26,11.28,11.35,-0.07,-0.6167,17274.85,19494.323,1949.4323,19.494323,0.1949432299999999
003018.SZ,003018,金富科技,20210908,11.28,11.3,11.18,11.29,11.28,0.01,0.0887,19952.08,22414.724,2241.4724,22.414724,0.2241472399999999
003018.SZ,003018,金富科技,20210909,11.26,11.32,11.18,11.19,11.29,-0.1,-0.8857,13490.0,15147.588,1514.7588,15.147588,0.15147588
003018.SZ,003018,金富科技,20210910,11.19,11.27,11.11,11.18,11.19,-0.01,-0.0894,14532.74,16237.687,1623.7687,16.237687,0.16237687
003018.SZ,003018,金富科技,20210913,11.13,11.29,11.11,11.26,11.18,0.08,0.7156,12621.35,14152.748,1415.2748,14.152748,0.1415274799999999
003018.SZ,003018,金富科技,20210914,11.26,11.26,10.94,10.96,11.26,-0.3,-2.6643,17622.26,19583.323,1958.3323,19.583323,0.19583323
003018.SZ,003018,金富科技,20210915,10.89,10.94,10.81,10.85,10.96,-0.11,-1.0036,11659.08,12679.51,1267.951,12.67951,0.1267951
003018.SZ,003018,金富科技,20210916,10.88,11.93,10.85,11.44,10.85,0.59,5.4378,85605.42,98221.187,9822.1187,98.221187,0.98221187
003018.SZ,003018,金富科技,20210917,11.32,11.39,11.05,11.11,11.44,-0.33,-2.8846,40673.15,45599.413,4559.9413,45.599413000000006,0.45599413
003018.SZ,003018,金富科技,20210922,10.98,11.04,10.87,10.98,11.11,-0.13,-1.1701,16972.0,18565.756,1856.5756,18.565756,0.18565756
003018.SZ,003018,金富科技,20210923,11.0,11.09,10.98,11.08,10.98,0.1,0.9107,13913.27,15363.707,1536.3707,15.363707,0.15363707
003018.SZ,003018,金富科技,20210924,11.03,11.08,10.7,10.72,11.08,-0.36,-3.2491,24102.25,26136.619,2613.6619,26.136619,0.26136619
003018.SZ,003018,金富科技,20210927,10.73,10.78,10.38,10.52,10.72,-0.2,-1.8657,14328.43,15082.798,1508.2798,15.082798,0.15082798
003018.SZ,003018,金富科技,20210928,10.52,10.58,10.45,10.55,10.52,0.03,0.2852,5600.93,5890.516,589.0516,5.890516,0.05890516
003018.SZ,003018,金富科技,20210929,10.53,10.55,10.33,10.33,10.55,-0.22,-2.0853,9412.37,9818.02,981.802,9.81802,0.0981802
003018.SZ,003018,金富科技,20210930,10.45,10.53,10.4,10.48,10.33,0.15,1.4521,4743.0,4960.679,496.0679,4.960679,0.04960679
003018.SZ,003018,金富科技,20211008,10.55,10.65,10.53,10.63,10.48,0.15,1.4313,6669.62,7078.463,707.8462999999999,7.078462999999999,0.0707846299999999
003018.SZ,003018,金富科技,20211011,10.65,10.66,10.6,10.64,10.63,0.01,0.0941,4713.62,5010.51,501.051,5.01051,0.0501051
003018.SZ,003018,金富科技,20211012,10.64,10.64,10.4,10.47,10.64,-0.17,-1.5977,5681.74,5967.924,596.7924,5.967924,0.05967924
003018.SZ,003018,金富科技,20211013,10.44,10.56,10.43,10.56,10.47,0.09,0.8596,5319.25,5588.636,558.8636,5.588636,0.05588636
003018.SZ,003018,金富科技,20211014,10.58,10.65,10.53,10.58,10.56,0.02,0.1894,4772.0,5053.282,505.3282,5.053282,0.05053282
003018.SZ,003018,金富科技,20211015,10.52,10.6,10.49,10.49,10.58,-0.09,-0.8507,5733.37,6042.041,604.2041,6.042041,0.06042041
003018.SZ,003018,金富科技,20211018,10.48,10.53,10.36,10.52,10.49,0.03,0.286,4954.0,5171.949,517.1949,5.171949,0.05171949
003018.SZ,003018,金富科技,20211019,10.51,10.55,10.47,10.51,10.52,-0.01,-0.0951,4410.0,4633.873,463.3873,4.633873,0.0463387299999999
003018.SZ,003018,金富科技,20211020,10.46,10.52,10.4,10.41,10.51,-0.1,-0.9515,5636.0,5880.808,588.0808,5.880807999999999,0.0588080799999999
003018.SZ,003018,金富科技,20211021,10.4,10.44,10.36,10.39,10.41,-0.02,-0.1921,4200.0,4366.327,436.6327,4.366327,0.04366327
003018.SZ,003018,金富科技,20211022,10.37,10.46,10.29,10.3,10.39,-0.09,-0.8662,6080.0,6276.152,627.6152,6.276152,0.06276152
003018.SZ,003018,金富科技,20211025,10.35,10.36,10.28,10.33,10.3,0.03,0.2913,5148.0,5312.189,531.2189000000001,5.312189000000001,0.05312189
003018.SZ,003018,金富科技,20211026,10.3,10.31,10.2,10.22,10.33,-0.11,-1.0649,6299.0,6465.78,646.578,6.46578,0.0646578
003018.SZ,003018,金富科技,20211027,10.22,10.24,9.9,9.91,10.22,-0.31,-3.0333,11080.25,11058.873,1105.8873,11.058872999999998,0.1105887299999999
003018.SZ,003018,金富科技,20211028,9.91,9.91,9.65,9.74,9.91,-0.17,-1.7154,7765.0,7554.649,755.4649000000001,7.554649,0.07554649
003018.SZ,003018,金富科技,20211029,10.01,10.17,9.95,10.07,9.74,0.33,3.3881,11508.01,11569.339,1156.9339,11.569339,0.11569339
003018.SZ,003018,金富科技,20211101,10.08,10.12,9.96,10.04,10.07,-0.03,-0.2979,6014.38,6037.068,603.7068,6.0370680000000005,0.06037068
003018.SZ,003018,金富科技,20211102,9.98,10.08,9.8,9.82,10.04,-0.22,-2.1912,6846.01,6785.783,678.5783,6.785783,0.06785783
003018.SZ,003018,金富科技,20211103,9.82,10.04,9.82,9.97,9.82,0.15,1.5275,4749.0,4725.624,472.5624,4.725624,0.04725624
003018.SZ,003018,金富科技,20211104,9.96,10.05,9.93,10.03,9.97,0.06,0.6018,5464.71,5464.815,546.4815,5.464815,0.05464815
003018.SZ,003018,金富科技,20211105,10.03,10.16,10.0,10.08,10.03,0.05,0.4985,6891.37,6944.508,694.4508,6.944508,0.0694450799999999
003018.SZ,003018,金富科技,20211108,10.11,10.36,10.02,10.3,10.08,0.22,2.1825,10030.37,10220.338,1022.0338,10.220338,0.10220338
003018.SZ,003018,金富科技,20211109,10.3,10.4,10.22,10.34,10.3,0.04,0.3883,7779.37,8015.331,801.5331,8.015331,0.0801533099999999
003018.SZ,003018,金富科技,20211110,10.28,10.38,10.26,10.36,10.34,0.02,0.1934,7884.37,8143.838,814.3838,8.143837999999999,0.0814383799999999
003018.SZ,003018,金富科技,20211111,10.31,10.49,10.31,10.41,10.36,0.05,0.4826,8337.9,8697.22,869.722,8.69722,0.0869722
003018.SZ,003018,金富科技,20211112,10.4,10.51,10.4,10.5,10.41,0.09,0.8646,6798.0,7114.442,711.4442,7.114442,0.07114442
003018.SZ,003018,金富科技,20211115,10.52,10.71,10.5,10.69,10.5,0.19,1.8095,12787.0,13580.7,1358.0700000000002,13.580700000000002,0.135807
003018.SZ,003018,金富科技,20211116,10.74,10.75,10.41,10.41,10.69,-0.28,-2.6193,15170.08,15990.44,1599.044,15.99044,0.1599044
003018.SZ,003018,金富科技,20211117,10.42,10.7,10.42,10.63,10.41,0.22,2.1134,11233.74,11900.862,1190.0862,11.900862,0.11900862
003018.SZ,003018,金富科技,20211118,10.62,10.65,10.5,10.52,10.63,-0.11,-1.0348,7443.37,7873.046,787.3046,7.873046,0.07873046
003018.SZ,003018,金富科技,20211119,10.52,10.65,10.45,10.62,10.52,0.1,0.9506,7570.28,7996.173,799.6173,7.996173,0.07996173
003018.SZ,003018,金富科技,20211122,10.61,10.65,10.53,10.6,10.62,-0.02,-0.1883,7066.0,7476.822,747.6822,7.476821999999999,0.07476822
003018.SZ,003018,金富科技,20211123,10.62,10.72,10.56,10.62,10.6,0.02,0.1887,8385.27,8907.1,890.71,8.9071,0.089071
003018.SZ,003018,金富科技,20211124,10.61,10.84,10.53,10.8,10.62,0.18,1.6949,14842.27,15934.53,1593.453,15.93453,0.1593453
003018.SZ,003018,金富科技,20211125,10.88,11.0,10.73,10.87,10.8,0.07,0.6481,15039.44,16360.546,1636.0546,16.360546,0.1636054599999999
003018.SZ,003018,金富科技,20211126,10.87,10.92,10.73,10.79,10.87,-0.08,-0.736,7653.0,8253.505,825.3504999999999,8.253504999999999,0.0825350499999999
003018.SZ,003018,金富科技,20211129,10.66,10.74,10.61,10.61,10.79,-0.18,-1.6682,8734.58,9304.455,930.4455,9.304455,0.09304455
003018.SZ,003018,金富科技,20211130,10.61,10.74,10.61,10.7,10.61,0.09,0.8483,8922.87,9541.638,954.1638,9.541638,0.09541638
003018.SZ,003018,金富科技,20211201,10.78,10.95,10.72,10.9,10.7,0.2,1.8692,12996.17,14101.89,1410.189,14.10189,0.1410189
003018.SZ,003018,金富科技,20211202,10.9,11.19,10.81,10.92,10.9,0.02,0.1835,20068.0,22039.617,2203.9617,22.039617,0.22039617
003018.SZ,003018,金富科技,20211203,10.92,11.04,10.81,10.92,10.92,0.0,0.0,14615.0,15991.538,1599.1538,15.991538,0.15991538
003018.SZ,003018,金富科技,20211206,10.97,10.97,10.68,10.68,10.92,-0.24,-2.1978,12388.95,13377.653,1337.7653,13.377653,0.13377653
003018.SZ,003018,金富科技,20211207,10.71,10.85,10.62,10.71,10.68,0.03,0.2809,9988.0,10701.186,1070.1186,10.701186,0.10701186
003018.SZ,003018,金富科技,20211208,10.75,10.78,10.63,10.67,10.71,-0.04,-0.3735,8670.0,9264.404,926.4404,9.264404,0.09264404
003018.SZ,003018,金富科技,20211209,10.73,10.74,10.64,10.68,10.67,0.01,0.0937,8784.0,9397.204,939.7204,9.397204,0.0939720399999999
003018.SZ,003018,金富科技,20211210,10.68,10.8,10.63,10.75,10.68,0.07,0.6554,7669.0,8242.36,824.2360000000001,8.242360000000001,0.0824236
003018.SZ,003018,金富科技,20211213,10.78,10.97,10.73,10.94,10.75,0.19,1.7674,17058.37,18550.494,1855.0494,18.550494,0.18550494
003018.SZ,003018,金富科技,20211214,10.95,11.0,10.87,10.95,10.94,0.01,0.0914,15223.27,16646.839,1664.6839,16.646839,0.16646839
003018.SZ,003018,金富科技,20211215,10.91,11.05,10.9,10.98,10.95,0.03,0.274,13933.01,15313.721,1531.3721,15.313721,0.15313721
003018.SZ,003018,金富科技,20211216,10.98,11.12,10.96,11.04,10.98,0.06,0.5464,12726.27,14075.41,1407.541,14.07541,0.1407541
003018.SZ,003018,金富科技,20211217,11.05,11.17,11.02,11.11,11.04,0.07,0.6341,14939.76,16583.669,1658.3669000000002,16.583669,0.16583669
003018.SZ,003018,金富科技,20211220,11.06,11.18,10.91,10.95,11.11,-0.16,-1.4401,12330.7,13547.396,1354.7396,13.547396,0.13547396
003018.SZ,003018,金富科技,20211221,10.86,11.17,10.86,11.16,10.95,0.21,1.9178,16489.53,18267.861,1826.7861,18.267861,0.18267861
003018.SZ,003018,金富科技,20211222,11.16,11.18,11.05,11.08,11.16,-0.08,-0.7168,10726.25,11894.008,1189.4008,11.894008,0.1189400799999999
003018.SZ,003018,金富科技,20211223,11.08,11.17,11.01,11.05,11.08,-0.03,-0.2708,6817.57,7532.152,753.2152,7.532152,0.07532152
003018.SZ,003018,金富科技,20211224,11.02,11.03,10.75,10.76,11.05,-0.29,-2.6244,12889.0,13991.767,1399.1767,13.991767,0.13991767
003018.SZ,003018,金富科技,20211227,10.82,11.09,10.76,11.01,10.76,0.25,2.3234,14020.37,15335.507,1533.5507,15.335507,0.15335507
003018.SZ,003018,金富科技,20211228,11.1,11.1,10.82,11.02,11.01,0.01,0.0908,9971.0,10998.904,1099.8904,10.998904,0.10998904
003018.SZ,003018,金富科技,20211229,10.92,11.15,10.92,11.07,11.02,0.05,0.4537,11333.45,12516.582,1251.6582,12.516582,0.12516582
003018.SZ,003018,金富科技,20211230,11.08,11.13,11.0,11.09,11.07,0.02,0.1807,10203.92,11322.42,1132.242,11.32242,0.1132242
003018.SZ,003018,金富科技,20211231,11.1,11.14,10.98,11.05,11.09,-0.04,-0.3607,8141.0,9025.535,902.5535,9.025535,0.09025535
003018.SZ,003018,金富科技,20220104,11.13,11.45,11.05,11.37,11.05,0.32,2.8959,31823.04,35926.688,3592.6688000000004,35.926688000000006,0.35926688
003018.SZ,003018,金富科技,20220105,11.37,11.38,11.21,11.33,11.37,-0.04,-0.3518,17805.0,20067.749,2006.7749,20.067749,0.20067749
003018.SZ,003018,金富科技,20220106,11.33,11.48,11.26,11.46,11.33,0.13,1.1474,24965.0,28482.797,2848.2797,28.482797,0.28482797
003018.SZ,003018,金富科技,20220107,11.46,11.55,11.34,11.34,11.46,-0.12,-1.0471,14195.86,16238.739,1623.8739,16.238739,0.16238739
003018.SZ,003018,金富科技,20220110,11.28,11.46,11.24,11.4,11.34,0.06,0.5291,10470.15,11918.931,1191.8931,11.918931,0.11918931
003018.SZ,003018,金富科技,20220111,11.33,11.55,11.33,11.43,11.4,0.03,0.2632,14080.37,16170.328,1617.0328,16.170327999999998,0.1617032799999999
003018.SZ,003018,金富科技,20220112,11.53,11.65,11.41,11.59,11.43,0.16,1.3998,19645.08,22688.625,2268.8625,22.688625,0.22688625
003018.SZ,003018,金富科技,20220113,11.57,11.65,11.5,11.51,11.59,-0.08,-0.6903,12154.27,14034.306,1403.4306,14.034306,0.14034306
003018.SZ,003018,金富科技,20220114,11.43,11.52,11.26,11.26,11.51,-0.25,-2.172,16532.27,18798.807,1879.8807,18.798807,0.18798807
003018.SZ,003018,金富科技,20220117,11.35,11.52,11.27,11.4,11.26,0.14,1.2433,12206.0,13939.899,1393.9899,13.939899,0.13939899
003018.SZ,003018,金富科技,20220118,11.41,11.49,11.09,11.15,11.4,-0.25,-2.193,15190.27,17018.45,1701.845,17.01845,0.1701845
003018.SZ,003018,金富科技,20220119,11.15,11.32,11.11,11.31,11.15,0.16,1.435,10318.27,11621.932,1162.1932000000002,11.621932,0.11621932
003018.SZ,003018,金富科技,20220120,11.29,11.38,10.85,10.86,11.31,-0.45,-3.9788,13191.27,14571.082,1457.1082,14.571082,0.14571082
003018.SZ,003018,金富科技,20220121,10.88,11.13,10.86,10.97,10.86,0.11,1.0129,13004.74,14274.01,1427.401,14.27401,0.1427401
003018.SZ,003018,金富科技,20220124,10.97,10.97,10.63,10.73,10.97,-0.24,-2.1878,10600.1,11405.768,1140.5768,11.405768,0.11405768
003018.SZ,003018,金富科技,20220125,10.78,10.78,10.22,10.22,10.73,-0.51,-4.753,16805.0,17431.029,1743.1029,17.431029,0.1743102899999999
003018.SZ,003018,金富科技,20220126,10.23,10.36,10.16,10.31,10.22,0.09,0.8806,9759.0,10027.173,1002.7173,10.027173,0.1002717299999999
003018.SZ,003018,金富科技,20220127,10.31,10.32,9.94,9.98,10.31,-0.33,-3.2008,13499.0,13631.529,1363.1529,13.631529,0.13631529
003018.SZ,003018,金富科技,20220128,10.09,10.28,10.02,10.23,9.98,0.25,2.505,8790.9,8946.431,894.6431,8.946431,0.08946431
003018.SZ,003018,金富科技,20220207,10.34,10.5,10.16,10.35,10.23,0.12,1.173,19145.8,19764.839,1976.4839,19.764839,0.1976483899999999
003018.SZ,003018,金富科技,20220208,10.34,10.58,10.23,10.58,10.35,0.23,2.2222,14144.0,14802.867,1480.2867,14.802867,0.14802867
003018.SZ,003018,金富科技,20220209,10.54,10.62,10.48,10.58,10.58,0.0,0.0,7510.37,7934.997,793.4997000000001,7.934997000000001,0.07934997
003018.SZ,003018,金富科技,20220210,10.6,10.65,10.51,10.62,10.58,0.04,0.3781,9299.74,9834.46,983.446,9.83446,0.0983446
003018.SZ,003018,金富科技,20220211,10.55,10.6,10.36,10.43,10.62,-0.19,-1.7891,7726.0,8065.294,806.5294,8.065294,0.0806529399999999
003018.SZ,003018,金富科技,20220214,10.35,10.51,10.28,10.35,10.43,-0.08,-0.767,7810.0,8099.407,809.9407,8.099407,0.0809940699999999
003018.SZ,003018,金富科技,20220215,10.36,10.45,10.28,10.37,10.35,0.02,0.1932,8432.0,8742.707,874.2707,8.742707000000001,0.08742707
003018.SZ,003018,金富科技,20220216,10.43,10.57,10.42,10.55,10.37,0.18,1.7358,9532.0,10007.438,1000.7438,10.007438,0.10007438
003018.SZ,003018,金富科技,20220217,10.59,10.59,10.45,10.45,10.55,-0.1,-0.9479,6558.1,6891.478,689.1478,6.891477999999999,0.06891478
003018.SZ,003018,金富科技,20220218,10.45,10.59,10.38,10.55,10.45,0.1,0.9569,7035.58,7379.233,737.9233,7.379233,0.07379233
003018.SZ,003018,金富科技,20220221,10.6,10.77,10.52,10.76,10.55,0.21,1.9905,9806.36,10474.531,1047.4531000000002,10.474531000000002,0.10474531
003018.SZ,003018,金富科技,20220222,10.68,10.76,10.51,10.63,10.76,-0.13,-1.2082,8060.0,8571.62,857.162,8.571620000000001,0.0857162
003018.SZ,003018,金富科技,20220223,10.59,10.96,10.55,10.83,10.63,0.2,1.8815,13173.0,14214.032,1421.4032,14.214032,0.14214032
003018.SZ,003018,金富科技,20220224,10.84,11.16,10.58,10.72,10.83,-0.11,-1.0157,28519.93,31090.745,3109.0745,31.090745,0.31090745
003018.SZ,003018,金富科技,20220225,10.79,10.89,10.66,10.72,10.72,0.0,0.0,13138.0,14173.29,1417.3290000000002,14.17329,0.1417329
003018.SZ,003018,金富科技,20220228,10.79,10.79,10.52,10.58,10.72,-0.14,-1.306,12233.93,12967.131,1296.7131,12.967131,0.12967131
003018.SZ,003018,金富科技,20220301,10.65,10.75,10.58,10.73,10.58,0.15,1.4178,10434.0,11146.8,1114.6799999999998,11.1468,0.1114679999999999
003018.SZ,003018,金富科技,20220302,10.76,10.77,10.61,10.74,10.73,0.01,0.0932,8076.0,8652.179,865.2179,8.652179,0.08652179
003018.SZ,003018,金富科技,20220303,10.8,10.9,10.71,10.85,10.74,0.11,1.0242,11538.49,12484.931,1248.4931,12.484931,0.12484931
003018.SZ,003018,金富科技,20220304,10.8,10.87,10.75,10.77,10.85,-0.08,-0.7373,9330.37,10077.096,1007.7096,10.077096,0.1007709599999999
003018.SZ,003018,金富科技,20220307,10.66,10.82,10.56,10.59,10.77,-0.18,-1.6713,11255.0,12027.769,1202.7769,12.027769,0.12027769
003018.SZ,003018,金富科技,20220308,10.62,10.69,10.29,10.36,10.59,-0.23,-2.1719,10468.08,10941.353,1094.1353,10.941353,0.10941353
003018.SZ,003018,金富科技,20220309,10.31,10.46,9.83,10.15,10.36,-0.21,-2.027,14115.0,14291.178,1429.1178,14.291178,0.14291178
003018.SZ,003018,金富科技,20220310,10.25,10.44,10.22,10.28,10.15,0.13,1.2808,11211.0,11568.623,1156.8623,11.568623,0.11568623
003018.SZ,003018,金富科技,20220311,10.23,10.35,9.95,10.33,10.28,0.05,0.4864,8764.0,8902.031,890.2031000000001,8.902031000000001,0.08902031
003018.SZ,003018,金富科技,20220314,10.34,10.35,10.08,10.08,10.33,-0.25,-2.4201,7272.0,7408.156,740.8156,7.408156,0.07408156
003018.SZ,003018,金富科技,20220315,10.1,10.1,9.61,9.61,10.08,-0.47,-4.6627,13473.87,13292.331,1329.2331,13.292331,0.13292331
003018.SZ,003018,金富科技,20220316,9.71,10.08,9.62,10.05,9.61,0.44,4.5786,13085.37,12877.196,1287.7196,12.877196,0.12877196
003018.SZ,003018,金富科技,20220317,10.05,11.06,10.02,10.8,10.05,0.75,7.4627,72079.47,77199.942,7719.994199999999,77.199942,0.7719994199999999
003018.SZ,003018,金富科技,20220318,10.82,11.28,10.6,11.18,10.8,0.38,3.5185,90115.64,98352.915,9835.2915,98.352915,0.98352915
003018.SZ,003018,金富科技,20220321,11.17,11.27,10.9,11.05,11.18,-0.13,-1.1628,82248.37,91392.177,9139.2177,91.392177,0.91392177
003018.SZ,003018,金富科技,20220322,11.13,11.13,10.85,10.91,11.05,-0.14,-1.267,29795.27,32632.385,3263.2385,32.632385,0.3263238499999999
003018.SZ,003018,金富科技,20220323,10.99,10.99,10.68,10.8,10.91,-0.11,-1.0082,34764.0,37599.57,3759.957,37.59957,0.3759957
003018.SZ,003018,金富科技,20220324,10.76,10.94,10.63,10.91,10.8,0.11,1.0185,31751.0,34536.348,3453.6348,34.536348,0.3453634799999999
003018.SZ,003018,金富科技,20220325,10.88,11.11,10.78,10.88,10.91,-0.03,-0.275,33409.0,36631.219,3663.1219,36.631219,0.3663121899999999
003018.SZ,003018,金富科技,20220325,10.88,11.11,10.78,10.88,10.91,-0.03,-0.275,33409.0,36631.219,3663.1219,36.631219,0.3663121899999999
003018.SZ,003018,金富科技,20220329,10.78,10.78,10.0,10.48,10.78,-0.3,-2.7829,44485.0,45926.825,4592.6825,45.926825,0.45926825
003018.SZ,003018,金富科技,20220329,10.78,10.78,10.0,10.48,10.78,-0.3,-2.7829,44485.0,45926.825,4592.6825,45.926825,0.45926825
